sample_name,data_set_id,experiment_id,final_ss,parameter_value,v6,v1,parameter_change,pep,acetate,parameter_name,fdp,v2,v3,v4,v5,E,parameter_change_percentage,initial_ss
sample_0,data_set_0,experiment_0,1,0.1,0.472479613981,0.944959227962,0.0,0.937205692419,0.1,wt,0.518602846213,0.757518089483,0.757518089484,0.187441138484,0.472479613979,1.8899184559200002,0.0,1
sample_0,data_set_0,experiment_1,1,0.2,0.381684028023,1.0178240747299998,1.0,1.1346623119900001,0.2,ac,0.617331216579,0.790891558598,0.790891569417,0.226932462399,0.38168407794200004,1.5267361120899998,100.0,1
sample_0,data_set_1,experiment_0,1,0.1,0.472479613981,0.944959227962,0.0,0.937205692419,0.1,wt,0.518602846213,0.757518089483,0.757518089484,0.187441138484,0.472479613979,1.8899184559200002,0.0,1
sample_0,data_set_1,experiment_2,1,0.5,0.321730137626,1.07243379209,4.0,1.2997897537899998,0.5,ac,0.6998933606540001,0.8124753585340001,0.812475138488,0.259957950757,0.321730005848,1.28692055051,400.0,1
sample_0,data_set_2,experiment_0,1,0.1,0.472479613981,0.944959227962,0.0,0.937205692419,0.1,wt,0.518602846213,0.757518089483,0.757518089484,0.187441138484,0.472479613979,1.8899184559200002,0.0,1
sample_0,data_set_2,experiment_3,1,1.0,0.300718402159,1.0935214624,9.0,1.36727293944,1.0,ac,0.733637773935,0.8200654536499999,0.82006562853,0.27345458788800003,0.300719140626,1.20287360864,900.0,1
sample_0,data_set_3,experiment_0,1,0.1,0.472479613981,0.944959227962,0.0,0.937205692419,0.1,wt,0.518602846213,0.757518089483,0.757518089484,0.187441138484,0.472479613979,1.8899184559200002,0.0,1
sample_0,data_set_3,experiment_4,1,0.09,0.491239752307,0.930770057003,-0.1,0.901887366215,0.09,ac,0.500943683077,0.750392583837,0.750392583829,0.180377473243,0.491239752246,1.9649590092299998,-10.0,1
sample_0,data_set_4,experiment_0,1,0.1,0.472479613981,0.944959227962,0.0,0.937205692419,0.1,wt,0.518602846213,0.757518089483,0.757518089484,0.187441138484,0.472479613979,1.8899184559200002,0.0,1
sample_0,data_set_4,experiment_5,1,0.05,0.624467314919,0.832623086558,-0.5,0.685376387361,0.05,ac,0.39268819367299995,0.695547809093,0.6955478090899999,0.137075277472,0.624467314925,2.4978692596700003,-50.0,1
sample_0,data_set_5,experiment_0,1,0.1,0.472479613981,0.944959227962,0.0,0.937205692419,0.1,wt,0.518602846213,0.757518089483,0.757518089484,0.187441138484,0.472479613979,1.8899184559200002,0.0,1
sample_0,data_set_5,experiment_11,1,1.1,0.575167417005,1.1503348340100001,0.1,1.5586929067,0.1,V3max,0.42985874918899997,0.8385962528190001,0.838596252788,0.31173858134,0.575167417108,2.3006696680200003,10.0,1
sample_0,data_set_6,experiment_0,1,0.1,0.472479613981,0.944959227962,0.0,0.937205692419,0.1,wt,0.518602846213,0.757518089483,0.757518089484,0.187441138484,0.472479613979,1.8899184559200002,0.0,1
sample_0,data_set_6,experiment_12,1,1.5,0.950895518322,1.9017910366400002,0.5,4.802905372480001,0.1,V3max,0.17819333754099997,0.941209962149,0.941209962149,0.9605810744959999,0.950895518322,3.80358207329,50.0,1
sample_0,data_set_7,experiment_0,1,0.1,0.472479613981,0.944959227962,0.0,0.937205692419,0.1,wt,0.518602846213,0.757518089483,0.757518089484,0.187441138484,0.472479613979,1.8899184559200002,0.0,1
sample_0,data_set_7,experiment_13,1,2.0,1.05434535326,2.10869070652,1.0,5.78976832171,0.1,V3max,0.0936404652836,0.950737042174,0.950737042174,1.15795366434,1.05434535326,4.21738141303,100.0,1
sample_0,data_set_8,experiment_0,1,0.1,0.472479613981,0.944959227962,0.0,0.937205692419,0.1,wt,0.518602846213,0.757518089483,0.757518089484,0.187441138484,0.472479613979,1.8899184559200002,0.0,1
sample_0,data_set_8,experiment_14,2,0.9,0.388035748983,0.776071497966,-0.1,0.581671478017,0.1,V3max,0.609544951352,0.659737206567,0.659737210183,0.116334295603,0.38803574891099996,1.55214299593,-10.0,1
sample_0,data_set_9,experiment_0,1,0.1,0.472479613981,0.944959227962,0.0,0.937205692419,0.1,wt,0.518602846213,0.757518089483,0.757518089484,0.187441138484,0.472479613979,1.8899184559200002,0.0,1
sample_0,data_set_9,experiment_15,2,0.5,0.106963388989,0.213926777978,-0.5,0.0745405629877,0.1,V3max,1.3711266334999999,0.19901866540999996,0.19901866524099998,0.0149081125975,0.106963388882,0.427853555956,-50.0,1
sample_0,data_set_10,experiment_0,1,0.1,0.472479613981,0.944959227962,0.0,0.937205692419,0.1,wt,0.518602846213,0.757518089483,0.757518089484,0.187441138484,0.472479613979,1.8899184559200002,0.0,1
sample_0,data_set_10,experiment_16,1,1.1,0.42154216511799997,0.843084330237,0.1,0.583337459028,0.1,V2max,0.570891312802,0.726416839196,0.726416839427,0.116667491806,0.421542164492,1.6861686604700001,10.0,1
sample_0,data_set_11,experiment_0,1,0.1,0.472479613981,0.944959227962,0.0,0.937205692419,0.1,wt,0.518602846213,0.757518089483,0.757518089484,0.187441138484,0.472479613979,1.8899184559200002,0.0,1
sample_0,data_set_11,experiment_17,2,1.5,0.302972797366,0.605945594731,0.5,0.183480772849,0.1,V2max,0.72987294833,0.569249440162,0.569249440165,0.0366961545698,0.302972797363,1.2118911894600002,50.0,1
sample_0,data_set_12,experiment_0,1,0.1,0.472479613981,0.944959227962,0.0,0.937205692419,0.1,wt,0.518602846213,0.757518089483,0.757518089484,0.187441138484,0.472479613979,1.8899184559200002,0.0,1
sample_0,data_set_12,experiment_18,2,2.0,0.18792211894900002,0.37584423789800003,1.0,0.0664254493599,0.1,V2max,0.9913785664560001,0.362559147985,0.362559147996,0.013285089872000002,0.187922118948,0.7516884757960001,100.0,1
sample_0,data_set_13,experiment_0,1,0.1,0.472479613981,0.944959227962,0.0,0.937205692419,0.1,wt,0.518602846213,0.757518089483,0.757518089484,0.187441138484,0.472479613979,1.8899184559200002,0.0,1
sample_0,data_set_13,experiment_19,1,0.9,0.565044782689,1.1300895653799998,-0.1,1.7948770537099998,0.1,V2max,0.437854475204,0.771114154637,0.771114154636,0.35897541074199996,0.5650447826899999,2.26017913075,-10.0,1
sample_0,data_set_14,experiment_0,1,0.1,0.472479613981,0.944959227962,0.0,0.937205692419,0.1,wt,0.518602846213,0.757518089483,0.757518089484,0.187441138484,0.472479613979,1.8899184559200002,0.0,1
sample_0,data_set_14,experiment_20,1,0.5,1.05272814787,2.10545629574,-0.5,8.11639328403,0.1,V2max,0.0953576863723,0.48217763893200005,0.482177638943,1.62327865681,1.05272814786,4.21091259148,-50.0,1
sample_0,data_set_15,experiment_0,1,0.1,0.472479613981,0.944959227962,0.0,0.937205692419,0.1,wt,0.518602846213,0.757518089483,0.757518089484,0.187441138484,0.472479613979,1.8899184559200002,0.0,1
sample_0,data_set_15,experiment_1,1,0.2,0.381684028023,1.0178240747299998,1.0,1.1346623119900001,0.2,ac,0.617331216579,0.790891558598,0.790891569417,0.226932462399,0.38168407794200004,1.5267361120899998,100.0,1
sample_0,data_set_16,experiment_1,1,0.2,0.381684028023,1.0178240747299998,1.0,1.1346623119900001,0.2,ac,0.617331216579,0.790891558598,0.790891569417,0.226932462399,0.38168407794200004,1.5267361120899998,100.0,1
sample_0,data_set_16,experiment_2,1,0.5,0.321730137626,1.07243379209,4.0,1.2997897537899998,0.5,ac,0.6998933606540001,0.8124753585340001,0.812475138488,0.259957950757,0.321730005848,1.28692055051,400.0,1
sample_0,data_set_17,experiment_1,1,0.2,0.381684028023,1.0178240747299998,1.0,1.1346623119900001,0.2,ac,0.617331216579,0.790891558598,0.790891569417,0.226932462399,0.38168407794200004,1.5267361120899998,100.0,1
sample_0,data_set_17,experiment_3,1,1.0,0.300718402159,1.0935214624,9.0,1.36727293944,1.0,ac,0.733637773935,0.8200654536499999,0.82006562853,0.27345458788800003,0.300719140626,1.20287360864,900.0,1
sample_0,data_set_18,experiment_1,1,0.2,0.381684028023,1.0178240747299998,1.0,1.1346623119900001,0.2,ac,0.617331216579,0.790891558598,0.790891569417,0.226932462399,0.38168407794200004,1.5267361120899998,100.0,1
sample_0,data_set_18,experiment_4,1,0.09,0.491239752307,0.930770057003,-0.1,0.901887366215,0.09,ac,0.500943683077,0.750392583837,0.750392583829,0.180377473243,0.491239752246,1.9649590092299998,-10.0,1
sample_0,data_set_19,experiment_1,1,0.2,0.381684028023,1.0178240747299998,1.0,1.1346623119900001,0.2,ac,0.617331216579,0.790891558598,0.790891569417,0.226932462399,0.38168407794200004,1.5267361120899998,100.0,1
sample_0,data_set_19,experiment_5,1,0.05,0.624467314919,0.832623086558,-0.5,0.685376387361,0.05,ac,0.39268819367299995,0.695547809093,0.6955478090899999,0.137075277472,0.624467314925,2.4978692596700003,-50.0,1
sample_0,data_set_20,experiment_1,1,0.2,0.381684028023,1.0178240747299998,1.0,1.1346623119900001,0.2,ac,0.617331216579,0.790891558598,0.790891569417,0.226932462399,0.38168407794200004,1.5267361120899998,100.0,1
sample_0,data_set_20,experiment_11,1,1.1,0.575167417005,1.1503348340100001,0.1,1.5586929067,0.1,V3max,0.42985874918899997,0.8385962528190001,0.838596252788,0.31173858134,0.575167417108,2.3006696680200003,10.0,1
sample_0,data_set_21,experiment_1,1,0.2,0.381684028023,1.0178240747299998,1.0,1.1346623119900001,0.2,ac,0.617331216579,0.790891558598,0.790891569417,0.226932462399,0.38168407794200004,1.5267361120899998,100.0,1
sample_0,data_set_21,experiment_12,1,1.5,0.950895518322,1.9017910366400002,0.5,4.802905372480001,0.1,V3max,0.17819333754099997,0.941209962149,0.941209962149,0.9605810744959999,0.950895518322,3.80358207329,50.0,1
sample_0,data_set_22,experiment_1,1,0.2,0.381684028023,1.0178240747299998,1.0,1.1346623119900001,0.2,ac,0.617331216579,0.790891558598,0.790891569417,0.226932462399,0.38168407794200004,1.5267361120899998,100.0,1
sample_0,data_set_22,experiment_13,1,2.0,1.05434535326,2.10869070652,1.0,5.78976832171,0.1,V3max,0.0936404652836,0.950737042174,0.950737042174,1.15795366434,1.05434535326,4.21738141303,100.0,1
sample_0,data_set_23,experiment_1,1,0.2,0.381684028023,1.0178240747299998,1.0,1.1346623119900001,0.2,ac,0.617331216579,0.790891558598,0.790891569417,0.226932462399,0.38168407794200004,1.5267361120899998,100.0,1
sample_0,data_set_23,experiment_14,2,0.9,0.388035748983,0.776071497966,-0.1,0.581671478017,0.1,V3max,0.609544951352,0.659737206567,0.659737210183,0.116334295603,0.38803574891099996,1.55214299593,-10.0,1
sample_0,data_set_24,experiment_1,1,0.2,0.381684028023,1.0178240747299998,1.0,1.1346623119900001,0.2,ac,0.617331216579,0.790891558598,0.790891569417,0.226932462399,0.38168407794200004,1.5267361120899998,100.0,1
sample_0,data_set_24,experiment_15,2,0.5,0.106963388989,0.213926777978,-0.5,0.0745405629877,0.1,V3max,1.3711266334999999,0.19901866540999996,0.19901866524099998,0.0149081125975,0.106963388882,0.427853555956,-50.0,1
sample_0,data_set_25,experiment_1,1,0.2,0.381684028023,1.0178240747299998,1.0,1.1346623119900001,0.2,ac,0.617331216579,0.790891558598,0.790891569417,0.226932462399,0.38168407794200004,1.5267361120899998,100.0,1
sample_0,data_set_25,experiment_16,1,1.1,0.42154216511799997,0.843084330237,0.1,0.583337459028,0.1,V2max,0.570891312802,0.726416839196,0.726416839427,0.116667491806,0.421542164492,1.6861686604700001,10.0,1
sample_0,data_set_26,experiment_1,1,0.2,0.381684028023,1.0178240747299998,1.0,1.1346623119900001,0.2,ac,0.617331216579,0.790891558598,0.790891569417,0.226932462399,0.38168407794200004,1.5267361120899998,100.0,1
sample_0,data_set_26,experiment_17,2,1.5,0.302972797366,0.605945594731,0.5,0.183480772849,0.1,V2max,0.72987294833,0.569249440162,0.569249440165,0.0366961545698,0.302972797363,1.2118911894600002,50.0,1
sample_0,data_set_27,experiment_1,1,0.2,0.381684028023,1.0178240747299998,1.0,1.1346623119900001,0.2,ac,0.617331216579,0.790891558598,0.790891569417,0.226932462399,0.38168407794200004,1.5267361120899998,100.0,1
sample_0,data_set_27,experiment_18,2,2.0,0.18792211894900002,0.37584423789800003,1.0,0.0664254493599,0.1,V2max,0.9913785664560001,0.362559147985,0.362559147996,0.013285089872000002,0.187922118948,0.7516884757960001,100.0,1
sample_0,data_set_28,experiment_1,1,0.2,0.381684028023,1.0178240747299998,1.0,1.1346623119900001,0.2,ac,0.617331216579,0.790891558598,0.790891569417,0.226932462399,0.38168407794200004,1.5267361120899998,100.0,1
sample_0,data_set_28,experiment_19,1,0.9,0.565044782689,1.1300895653799998,-0.1,1.7948770537099998,0.1,V2max,0.437854475204,0.771114154637,0.771114154636,0.35897541074199996,0.5650447826899999,2.26017913075,-10.0,1
sample_0,data_set_29,experiment_1,1,0.2,0.381684028023,1.0178240747299998,1.0,1.1346623119900001,0.2,ac,0.617331216579,0.790891558598,0.790891569417,0.226932462399,0.38168407794200004,1.5267361120899998,100.0,1
sample_0,data_set_29,experiment_20,1,0.5,1.05272814787,2.10545629574,-0.5,8.11639328403,0.1,V2max,0.0953576863723,0.48217763893200005,0.482177638943,1.62327865681,1.05272814786,4.21091259148,-50.0,1
sample_0,data_set_30,experiment_0,1,0.1,0.472479613981,0.944959227962,0.0,0.937205692419,0.1,wt,0.518602846213,0.757518089483,0.757518089484,0.187441138484,0.472479613979,1.8899184559200002,0.0,1
sample_0,data_set_30,experiment_2,1,0.5,0.321730137626,1.07243379209,4.0,1.2997897537899998,0.5,ac,0.6998933606540001,0.8124753585340001,0.812475138488,0.259957950757,0.321730005848,1.28692055051,400.0,1
sample_0,data_set_31,experiment_1,1,0.2,0.381684028023,1.0178240747299998,1.0,1.1346623119900001,0.2,ac,0.617331216579,0.790891558598,0.790891569417,0.226932462399,0.38168407794200004,1.5267361120899998,100.0,1
sample_0,data_set_31,experiment_2,1,0.5,0.321730137626,1.07243379209,4.0,1.2997897537899998,0.5,ac,0.6998933606540001,0.8124753585340001,0.812475138488,0.259957950757,0.321730005848,1.28692055051,400.0,1
sample_0,data_set_32,experiment_2,1,0.5,0.321730137626,1.07243379209,4.0,1.2997897537899998,0.5,ac,0.6998933606540001,0.8124753585340001,0.812475138488,0.259957950757,0.321730005848,1.28692055051,400.0,1
sample_0,data_set_32,experiment_3,1,1.0,0.300718402159,1.0935214624,9.0,1.36727293944,1.0,ac,0.733637773935,0.8200654536499999,0.82006562853,0.27345458788800003,0.300719140626,1.20287360864,900.0,1
sample_0,data_set_33,experiment_2,1,0.5,0.321730137626,1.07243379209,4.0,1.2997897537899998,0.5,ac,0.6998933606540001,0.8124753585340001,0.812475138488,0.259957950757,0.321730005848,1.28692055051,400.0,1
sample_0,data_set_33,experiment_4,1,0.09,0.491239752307,0.930770057003,-0.1,0.901887366215,0.09,ac,0.500943683077,0.750392583837,0.750392583829,0.180377473243,0.491239752246,1.9649590092299998,-10.0,1
sample_0,data_set_34,experiment_2,1,0.5,0.321730137626,1.07243379209,4.0,1.2997897537899998,0.5,ac,0.6998933606540001,0.8124753585340001,0.812475138488,0.259957950757,0.321730005848,1.28692055051,400.0,1
sample_0,data_set_34,experiment_5,1,0.05,0.624467314919,0.832623086558,-0.5,0.685376387361,0.05,ac,0.39268819367299995,0.695547809093,0.6955478090899999,0.137075277472,0.624467314925,2.4978692596700003,-50.0,1
sample_0,data_set_35,experiment_2,1,0.5,0.321730137626,1.07243379209,4.0,1.2997897537899998,0.5,ac,0.6998933606540001,0.8124753585340001,0.812475138488,0.259957950757,0.321730005848,1.28692055051,400.0,1
sample_0,data_set_35,experiment_11,1,1.1,0.575167417005,1.1503348340100001,0.1,1.5586929067,0.1,V3max,0.42985874918899997,0.8385962528190001,0.838596252788,0.31173858134,0.575167417108,2.3006696680200003,10.0,1
sample_0,data_set_36,experiment_2,1,0.5,0.321730137626,1.07243379209,4.0,1.2997897537899998,0.5,ac,0.6998933606540001,0.8124753585340001,0.812475138488,0.259957950757,0.321730005848,1.28692055051,400.0,1
sample_0,data_set_36,experiment_12,1,1.5,0.950895518322,1.9017910366400002,0.5,4.802905372480001,0.1,V3max,0.17819333754099997,0.941209962149,0.941209962149,0.9605810744959999,0.950895518322,3.80358207329,50.0,1
sample_0,data_set_37,experiment_2,1,0.5,0.321730137626,1.07243379209,4.0,1.2997897537899998,0.5,ac,0.6998933606540001,0.8124753585340001,0.812475138488,0.259957950757,0.321730005848,1.28692055051,400.0,1
sample_0,data_set_37,experiment_13,1,2.0,1.05434535326,2.10869070652,1.0,5.78976832171,0.1,V3max,0.0936404652836,0.950737042174,0.950737042174,1.15795366434,1.05434535326,4.21738141303,100.0,1
sample_0,data_set_38,experiment_2,1,0.5,0.321730137626,1.07243379209,4.0,1.2997897537899998,0.5,ac,0.6998933606540001,0.8124753585340001,0.812475138488,0.259957950757,0.321730005848,1.28692055051,400.0,1
sample_0,data_set_38,experiment_14,2,0.9,0.388035748983,0.776071497966,-0.1,0.581671478017,0.1,V3max,0.609544951352,0.659737206567,0.659737210183,0.116334295603,0.38803574891099996,1.55214299593,-10.0,1
sample_0,data_set_39,experiment_2,1,0.5,0.321730137626,1.07243379209,4.0,1.2997897537899998,0.5,ac,0.6998933606540001,0.8124753585340001,0.812475138488,0.259957950757,0.321730005848,1.28692055051,400.0,1
sample_0,data_set_39,experiment_15,2,0.5,0.106963388989,0.213926777978,-0.5,0.0745405629877,0.1,V3max,1.3711266334999999,0.19901866540999996,0.19901866524099998,0.0149081125975,0.106963388882,0.427853555956,-50.0,1
sample_0,data_set_40,experiment_2,1,0.5,0.321730137626,1.07243379209,4.0,1.2997897537899998,0.5,ac,0.6998933606540001,0.8124753585340001,0.812475138488,0.259957950757,0.321730005848,1.28692055051,400.0,1
sample_0,data_set_40,experiment_16,1,1.1,0.42154216511799997,0.843084330237,0.1,0.583337459028,0.1,V2max,0.570891312802,0.726416839196,0.726416839427,0.116667491806,0.421542164492,1.6861686604700001,10.0,1
sample_0,data_set_41,experiment_2,1,0.5,0.321730137626,1.07243379209,4.0,1.2997897537899998,0.5,ac,0.6998933606540001,0.8124753585340001,0.812475138488,0.259957950757,0.321730005848,1.28692055051,400.0,1
sample_0,data_set_41,experiment_17,2,1.5,0.302972797366,0.605945594731,0.5,0.183480772849,0.1,V2max,0.72987294833,0.569249440162,0.569249440165,0.0366961545698,0.302972797363,1.2118911894600002,50.0,1
sample_0,data_set_42,experiment_2,1,0.5,0.321730137626,1.07243379209,4.0,1.2997897537899998,0.5,ac,0.6998933606540001,0.8124753585340001,0.812475138488,0.259957950757,0.321730005848,1.28692055051,400.0,1
sample_0,data_set_42,experiment_18,2,2.0,0.18792211894900002,0.37584423789800003,1.0,0.0664254493599,0.1,V2max,0.9913785664560001,0.362559147985,0.362559147996,0.013285089872000002,0.187922118948,0.7516884757960001,100.0,1
sample_0,data_set_43,experiment_2,1,0.5,0.321730137626,1.07243379209,4.0,1.2997897537899998,0.5,ac,0.6998933606540001,0.8124753585340001,0.812475138488,0.259957950757,0.321730005848,1.28692055051,400.0,1
sample_0,data_set_43,experiment_19,1,0.9,0.565044782689,1.1300895653799998,-0.1,1.7948770537099998,0.1,V2max,0.437854475204,0.771114154637,0.771114154636,0.35897541074199996,0.5650447826899999,2.26017913075,-10.0,1
sample_0,data_set_44,experiment_2,1,0.5,0.321730137626,1.07243379209,4.0,1.2997897537899998,0.5,ac,0.6998933606540001,0.8124753585340001,0.812475138488,0.259957950757,0.321730005848,1.28692055051,400.0,1
sample_0,data_set_44,experiment_20,1,0.5,1.05272814787,2.10545629574,-0.5,8.11639328403,0.1,V2max,0.0953576863723,0.48217763893200005,0.482177638943,1.62327865681,1.05272814786,4.21091259148,-50.0,1
sample_0,data_set_45,experiment_0,1,0.1,0.472479613981,0.944959227962,0.0,0.937205692419,0.1,wt,0.518602846213,0.757518089483,0.757518089484,0.187441138484,0.472479613979,1.8899184559200002,0.0,1
sample_0,data_set_45,experiment_3,1,1.0,0.300718402159,1.0935214624,9.0,1.36727293944,1.0,ac,0.733637773935,0.8200654536499999,0.82006562853,0.27345458788800003,0.300719140626,1.20287360864,900.0,1
sample_0,data_set_46,experiment_1,1,0.2,0.381684028023,1.0178240747299998,1.0,1.1346623119900001,0.2,ac,0.617331216579,0.790891558598,0.790891569417,0.226932462399,0.38168407794200004,1.5267361120899998,100.0,1
sample_0,data_set_46,experiment_3,1,1.0,0.300718402159,1.0935214624,9.0,1.36727293944,1.0,ac,0.733637773935,0.8200654536499999,0.82006562853,0.27345458788800003,0.300719140626,1.20287360864,900.0,1
sample_0,data_set_47,experiment_2,1,0.5,0.321730137626,1.07243379209,4.0,1.2997897537899998,0.5,ac,0.6998933606540001,0.8124753585340001,0.812475138488,0.259957950757,0.321730005848,1.28692055051,400.0,1
sample_0,data_set_47,experiment_3,1,1.0,0.300718402159,1.0935214624,9.0,1.36727293944,1.0,ac,0.733637773935,0.8200654536499999,0.82006562853,0.27345458788800003,0.300719140626,1.20287360864,900.0,1
sample_0,data_set_48,experiment_3,1,1.0,0.300718402159,1.0935214624,9.0,1.36727293944,1.0,ac,0.733637773935,0.8200654536499999,0.82006562853,0.27345458788800003,0.300719140626,1.20287360864,900.0,1
sample_0,data_set_48,experiment_4,1,0.09,0.491239752307,0.930770057003,-0.1,0.901887366215,0.09,ac,0.500943683077,0.750392583837,0.750392583829,0.180377473243,0.491239752246,1.9649590092299998,-10.0,1
sample_0,data_set_49,experiment_3,1,1.0,0.300718402159,1.0935214624,9.0,1.36727293944,1.0,ac,0.733637773935,0.8200654536499999,0.82006562853,0.27345458788800003,0.300719140626,1.20287360864,900.0,1
sample_0,data_set_49,experiment_5,1,0.05,0.624467314919,0.832623086558,-0.5,0.685376387361,0.05,ac,0.39268819367299995,0.695547809093,0.6955478090899999,0.137075277472,0.624467314925,2.4978692596700003,-50.0,1
sample_0,data_set_50,experiment_3,1,1.0,0.300718402159,1.0935214624,9.0,1.36727293944,1.0,ac,0.733637773935,0.8200654536499999,0.82006562853,0.27345458788800003,0.300719140626,1.20287360864,900.0,1
sample_0,data_set_50,experiment_11,1,1.1,0.575167417005,1.1503348340100001,0.1,1.5586929067,0.1,V3max,0.42985874918899997,0.8385962528190001,0.838596252788,0.31173858134,0.575167417108,2.3006696680200003,10.0,1
sample_0,data_set_51,experiment_3,1,1.0,0.300718402159,1.0935214624,9.0,1.36727293944,1.0,ac,0.733637773935,0.8200654536499999,0.82006562853,0.27345458788800003,0.300719140626,1.20287360864,900.0,1
sample_0,data_set_51,experiment_12,1,1.5,0.950895518322,1.9017910366400002,0.5,4.802905372480001,0.1,V3max,0.17819333754099997,0.941209962149,0.941209962149,0.9605810744959999,0.950895518322,3.80358207329,50.0,1
sample_0,data_set_52,experiment_3,1,1.0,0.300718402159,1.0935214624,9.0,1.36727293944,1.0,ac,0.733637773935,0.8200654536499999,0.82006562853,0.27345458788800003,0.300719140626,1.20287360864,900.0,1
sample_0,data_set_52,experiment_13,1,2.0,1.05434535326,2.10869070652,1.0,5.78976832171,0.1,V3max,0.0936404652836,0.950737042174,0.950737042174,1.15795366434,1.05434535326,4.21738141303,100.0,1
sample_0,data_set_53,experiment_3,1,1.0,0.300718402159,1.0935214624,9.0,1.36727293944,1.0,ac,0.733637773935,0.8200654536499999,0.82006562853,0.27345458788800003,0.300719140626,1.20287360864,900.0,1
sample_0,data_set_53,experiment_14,2,0.9,0.388035748983,0.776071497966,-0.1,0.581671478017,0.1,V3max,0.609544951352,0.659737206567,0.659737210183,0.116334295603,0.38803574891099996,1.55214299593,-10.0,1
sample_0,data_set_54,experiment_3,1,1.0,0.300718402159,1.0935214624,9.0,1.36727293944,1.0,ac,0.733637773935,0.8200654536499999,0.82006562853,0.27345458788800003,0.300719140626,1.20287360864,900.0,1
sample_0,data_set_54,experiment_15,2,0.5,0.106963388989,0.213926777978,-0.5,0.0745405629877,0.1,V3max,1.3711266334999999,0.19901866540999996,0.19901866524099998,0.0149081125975,0.106963388882,0.427853555956,-50.0,1
sample_0,data_set_55,experiment_3,1,1.0,0.300718402159,1.0935214624,9.0,1.36727293944,1.0,ac,0.733637773935,0.8200654536499999,0.82006562853,0.27345458788800003,0.300719140626,1.20287360864,900.0,1
sample_0,data_set_55,experiment_16,1,1.1,0.42154216511799997,0.843084330237,0.1,0.583337459028,0.1,V2max,0.570891312802,0.726416839196,0.726416839427,0.116667491806,0.421542164492,1.6861686604700001,10.0,1
sample_0,data_set_56,experiment_3,1,1.0,0.300718402159,1.0935214624,9.0,1.36727293944,1.0,ac,0.733637773935,0.8200654536499999,0.82006562853,0.27345458788800003,0.300719140626,1.20287360864,900.0,1
sample_0,data_set_56,experiment_17,2,1.5,0.302972797366,0.605945594731,0.5,0.183480772849,0.1,V2max,0.72987294833,0.569249440162,0.569249440165,0.0366961545698,0.302972797363,1.2118911894600002,50.0,1
sample_0,data_set_57,experiment_3,1,1.0,0.300718402159,1.0935214624,9.0,1.36727293944,1.0,ac,0.733637773935,0.8200654536499999,0.82006562853,0.27345458788800003,0.300719140626,1.20287360864,900.0,1
sample_0,data_set_57,experiment_18,2,2.0,0.18792211894900002,0.37584423789800003,1.0,0.0664254493599,0.1,V2max,0.9913785664560001,0.362559147985,0.362559147996,0.013285089872000002,0.187922118948,0.7516884757960001,100.0,1
sample_0,data_set_58,experiment_3,1,1.0,0.300718402159,1.0935214624,9.0,1.36727293944,1.0,ac,0.733637773935,0.8200654536499999,0.82006562853,0.27345458788800003,0.300719140626,1.20287360864,900.0,1
sample_0,data_set_58,experiment_19,1,0.9,0.565044782689,1.1300895653799998,-0.1,1.7948770537099998,0.1,V2max,0.437854475204,0.771114154637,0.771114154636,0.35897541074199996,0.5650447826899999,2.26017913075,-10.0,1
sample_0,data_set_59,experiment_3,1,1.0,0.300718402159,1.0935214624,9.0,1.36727293944,1.0,ac,0.733637773935,0.8200654536499999,0.82006562853,0.27345458788800003,0.300719140626,1.20287360864,900.0,1
sample_0,data_set_59,experiment_20,1,0.5,1.05272814787,2.10545629574,-0.5,8.11639328403,0.1,V2max,0.0953576863723,0.48217763893200005,0.482177638943,1.62327865681,1.05272814786,4.21091259148,-50.0,1
sample_0,data_set_60,experiment_0,1,0.1,0.472479613981,0.944959227962,0.0,0.937205692419,0.1,wt,0.518602846213,0.757518089483,0.757518089484,0.187441138484,0.472479613979,1.8899184559200002,0.0,1
sample_0,data_set_60,experiment_4,1,0.09,0.491239752307,0.930770057003,-0.1,0.901887366215,0.09,ac,0.500943683077,0.750392583837,0.750392583829,0.180377473243,0.491239752246,1.9649590092299998,-10.0,1
sample_0,data_set_61,experiment_1,1,0.2,0.381684028023,1.0178240747299998,1.0,1.1346623119900001,0.2,ac,0.617331216579,0.790891558598,0.790891569417,0.226932462399,0.38168407794200004,1.5267361120899998,100.0,1
sample_0,data_set_61,experiment_4,1,0.09,0.491239752307,0.930770057003,-0.1,0.901887366215,0.09,ac,0.500943683077,0.750392583837,0.750392583829,0.180377473243,0.491239752246,1.9649590092299998,-10.0,1
sample_0,data_set_62,experiment_2,1,0.5,0.321730137626,1.07243379209,4.0,1.2997897537899998,0.5,ac,0.6998933606540001,0.8124753585340001,0.812475138488,0.259957950757,0.321730005848,1.28692055051,400.0,1
sample_0,data_set_62,experiment_4,1,0.09,0.491239752307,0.930770057003,-0.1,0.901887366215,0.09,ac,0.500943683077,0.750392583837,0.750392583829,0.180377473243,0.491239752246,1.9649590092299998,-10.0,1
sample_0,data_set_63,experiment_3,1,1.0,0.300718402159,1.0935214624,9.0,1.36727293944,1.0,ac,0.733637773935,0.8200654536499999,0.82006562853,0.27345458788800003,0.300719140626,1.20287360864,900.0,1
sample_0,data_set_63,experiment_4,1,0.09,0.491239752307,0.930770057003,-0.1,0.901887366215,0.09,ac,0.500943683077,0.750392583837,0.750392583829,0.180377473243,0.491239752246,1.9649590092299998,-10.0,1
sample_0,data_set_64,experiment_4,1,0.09,0.491239752307,0.930770057003,-0.1,0.901887366215,0.09,ac,0.500943683077,0.750392583837,0.750392583829,0.180377473243,0.491239752246,1.9649590092299998,-10.0,1
sample_0,data_set_64,experiment_5,1,0.05,0.624467314919,0.832623086558,-0.5,0.685376387361,0.05,ac,0.39268819367299995,0.695547809093,0.6955478090899999,0.137075277472,0.624467314925,2.4978692596700003,-50.0,1
sample_0,data_set_65,experiment_4,1,0.09,0.491239752307,0.930770057003,-0.1,0.901887366215,0.09,ac,0.500943683077,0.750392583837,0.750392583829,0.180377473243,0.491239752246,1.9649590092299998,-10.0,1
sample_0,data_set_65,experiment_11,1,1.1,0.575167417005,1.1503348340100001,0.1,1.5586929067,0.1,V3max,0.42985874918899997,0.8385962528190001,0.838596252788,0.31173858134,0.575167417108,2.3006696680200003,10.0,1
sample_0,data_set_66,experiment_4,1,0.09,0.491239752307,0.930770057003,-0.1,0.901887366215,0.09,ac,0.500943683077,0.750392583837,0.750392583829,0.180377473243,0.491239752246,1.9649590092299998,-10.0,1
sample_0,data_set_66,experiment_12,1,1.5,0.950895518322,1.9017910366400002,0.5,4.802905372480001,0.1,V3max,0.17819333754099997,0.941209962149,0.941209962149,0.9605810744959999,0.950895518322,3.80358207329,50.0,1
sample_0,data_set_67,experiment_4,1,0.09,0.491239752307,0.930770057003,-0.1,0.901887366215,0.09,ac,0.500943683077,0.750392583837,0.750392583829,0.180377473243,0.491239752246,1.9649590092299998,-10.0,1
sample_0,data_set_67,experiment_13,1,2.0,1.05434535326,2.10869070652,1.0,5.78976832171,0.1,V3max,0.0936404652836,0.950737042174,0.950737042174,1.15795366434,1.05434535326,4.21738141303,100.0,1
sample_0,data_set_68,experiment_4,1,0.09,0.491239752307,0.930770057003,-0.1,0.901887366215,0.09,ac,0.500943683077,0.750392583837,0.750392583829,0.180377473243,0.491239752246,1.9649590092299998,-10.0,1
sample_0,data_set_68,experiment_14,2,0.9,0.388035748983,0.776071497966,-0.1,0.581671478017,0.1,V3max,0.609544951352,0.659737206567,0.659737210183,0.116334295603,0.38803574891099996,1.55214299593,-10.0,1
sample_0,data_set_69,experiment_4,1,0.09,0.491239752307,0.930770057003,-0.1,0.901887366215,0.09,ac,0.500943683077,0.750392583837,0.750392583829,0.180377473243,0.491239752246,1.9649590092299998,-10.0,1
sample_0,data_set_69,experiment_15,2,0.5,0.106963388989,0.213926777978,-0.5,0.0745405629877,0.1,V3max,1.3711266334999999,0.19901866540999996,0.19901866524099998,0.0149081125975,0.106963388882,0.427853555956,-50.0,1
sample_0,data_set_70,experiment_4,1,0.09,0.491239752307,0.930770057003,-0.1,0.901887366215,0.09,ac,0.500943683077,0.750392583837,0.750392583829,0.180377473243,0.491239752246,1.9649590092299998,-10.0,1
sample_0,data_set_70,experiment_16,1,1.1,0.42154216511799997,0.843084330237,0.1,0.583337459028,0.1,V2max,0.570891312802,0.726416839196,0.726416839427,0.116667491806,0.421542164492,1.6861686604700001,10.0,1
sample_0,data_set_71,experiment_4,1,0.09,0.491239752307,0.930770057003,-0.1,0.901887366215,0.09,ac,0.500943683077,0.750392583837,0.750392583829,0.180377473243,0.491239752246,1.9649590092299998,-10.0,1
sample_0,data_set_71,experiment_17,2,1.5,0.302972797366,0.605945594731,0.5,0.183480772849,0.1,V2max,0.72987294833,0.569249440162,0.569249440165,0.0366961545698,0.302972797363,1.2118911894600002,50.0,1
sample_0,data_set_72,experiment_4,1,0.09,0.491239752307,0.930770057003,-0.1,0.901887366215,0.09,ac,0.500943683077,0.750392583837,0.750392583829,0.180377473243,0.491239752246,1.9649590092299998,-10.0,1
sample_0,data_set_72,experiment_18,2,2.0,0.18792211894900002,0.37584423789800003,1.0,0.0664254493599,0.1,V2max,0.9913785664560001,0.362559147985,0.362559147996,0.013285089872000002,0.187922118948,0.7516884757960001,100.0,1
sample_0,data_set_73,experiment_4,1,0.09,0.491239752307,0.930770057003,-0.1,0.901887366215,0.09,ac,0.500943683077,0.750392583837,0.750392583829,0.180377473243,0.491239752246,1.9649590092299998,-10.0,1
sample_0,data_set_73,experiment_19,1,0.9,0.565044782689,1.1300895653799998,-0.1,1.7948770537099998,0.1,V2max,0.437854475204,0.771114154637,0.771114154636,0.35897541074199996,0.5650447826899999,2.26017913075,-10.0,1
sample_0,data_set_74,experiment_4,1,0.09,0.491239752307,0.930770057003,-0.1,0.901887366215,0.09,ac,0.500943683077,0.750392583837,0.750392583829,0.180377473243,0.491239752246,1.9649590092299998,-10.0,1
sample_0,data_set_74,experiment_20,1,0.5,1.05272814787,2.10545629574,-0.5,8.11639328403,0.1,V2max,0.0953576863723,0.48217763893200005,0.482177638943,1.62327865681,1.05272814786,4.21091259148,-50.0,1
sample_0,data_set_75,experiment_0,1,0.1,0.472479613981,0.944959227962,0.0,0.937205692419,0.1,wt,0.518602846213,0.757518089483,0.757518089484,0.187441138484,0.472479613979,1.8899184559200002,0.0,1
sample_0,data_set_75,experiment_5,1,0.05,0.624467314919,0.832623086558,-0.5,0.685376387361,0.05,ac,0.39268819367299995,0.695547809093,0.6955478090899999,0.137075277472,0.624467314925,2.4978692596700003,-50.0,1
sample_0,data_set_76,experiment_1,1,0.2,0.381684028023,1.0178240747299998,1.0,1.1346623119900001,0.2,ac,0.617331216579,0.790891558598,0.790891569417,0.226932462399,0.38168407794200004,1.5267361120899998,100.0,1
sample_0,data_set_76,experiment_5,1,0.05,0.624467314919,0.832623086558,-0.5,0.685376387361,0.05,ac,0.39268819367299995,0.695547809093,0.6955478090899999,0.137075277472,0.624467314925,2.4978692596700003,-50.0,1
sample_0,data_set_77,experiment_2,1,0.5,0.321730137626,1.07243379209,4.0,1.2997897537899998,0.5,ac,0.6998933606540001,0.8124753585340001,0.812475138488,0.259957950757,0.321730005848,1.28692055051,400.0,1
sample_0,data_set_77,experiment_5,1,0.05,0.624467314919,0.832623086558,-0.5,0.685376387361,0.05,ac,0.39268819367299995,0.695547809093,0.6955478090899999,0.137075277472,0.624467314925,2.4978692596700003,-50.0,1
sample_0,data_set_78,experiment_3,1,1.0,0.300718402159,1.0935214624,9.0,1.36727293944,1.0,ac,0.733637773935,0.8200654536499999,0.82006562853,0.27345458788800003,0.300719140626,1.20287360864,900.0,1
sample_0,data_set_78,experiment_5,1,0.05,0.624467314919,0.832623086558,-0.5,0.685376387361,0.05,ac,0.39268819367299995,0.695547809093,0.6955478090899999,0.137075277472,0.624467314925,2.4978692596700003,-50.0,1
sample_0,data_set_79,experiment_4,1,0.09,0.491239752307,0.930770057003,-0.1,0.901887366215,0.09,ac,0.500943683077,0.750392583837,0.750392583829,0.180377473243,0.491239752246,1.9649590092299998,-10.0,1
sample_0,data_set_79,experiment_5,1,0.05,0.624467314919,0.832623086558,-0.5,0.685376387361,0.05,ac,0.39268819367299995,0.695547809093,0.6955478090899999,0.137075277472,0.624467314925,2.4978692596700003,-50.0,1
sample_0,data_set_80,experiment_5,1,0.05,0.624467314919,0.832623086558,-0.5,0.685376387361,0.05,ac,0.39268819367299995,0.695547809093,0.6955478090899999,0.137075277472,0.624467314925,2.4978692596700003,-50.0,1
sample_0,data_set_80,experiment_11,1,1.1,0.575167417005,1.1503348340100001,0.1,1.5586929067,0.1,V3max,0.42985874918899997,0.8385962528190001,0.838596252788,0.31173858134,0.575167417108,2.3006696680200003,10.0,1
sample_0,data_set_81,experiment_5,1,0.05,0.624467314919,0.832623086558,-0.5,0.685376387361,0.05,ac,0.39268819367299995,0.695547809093,0.6955478090899999,0.137075277472,0.624467314925,2.4978692596700003,-50.0,1
sample_0,data_set_81,experiment_12,1,1.5,0.950895518322,1.9017910366400002,0.5,4.802905372480001,0.1,V3max,0.17819333754099997,0.941209962149,0.941209962149,0.9605810744959999,0.950895518322,3.80358207329,50.0,1
sample_0,data_set_82,experiment_5,1,0.05,0.624467314919,0.832623086558,-0.5,0.685376387361,0.05,ac,0.39268819367299995,0.695547809093,0.6955478090899999,0.137075277472,0.624467314925,2.4978692596700003,-50.0,1
sample_0,data_set_82,experiment_13,1,2.0,1.05434535326,2.10869070652,1.0,5.78976832171,0.1,V3max,0.0936404652836,0.950737042174,0.950737042174,1.15795366434,1.05434535326,4.21738141303,100.0,1
sample_0,data_set_83,experiment_5,1,0.05,0.624467314919,0.832623086558,-0.5,0.685376387361,0.05,ac,0.39268819367299995,0.695547809093,0.6955478090899999,0.137075277472,0.624467314925,2.4978692596700003,-50.0,1
sample_0,data_set_83,experiment_14,2,0.9,0.388035748983,0.776071497966,-0.1,0.581671478017,0.1,V3max,0.609544951352,0.659737206567,0.659737210183,0.116334295603,0.38803574891099996,1.55214299593,-10.0,1
sample_0,data_set_84,experiment_5,1,0.05,0.624467314919,0.832623086558,-0.5,0.685376387361,0.05,ac,0.39268819367299995,0.695547809093,0.6955478090899999,0.137075277472,0.624467314925,2.4978692596700003,-50.0,1
sample_0,data_set_84,experiment_15,2,0.5,0.106963388989,0.213926777978,-0.5,0.0745405629877,0.1,V3max,1.3711266334999999,0.19901866540999996,0.19901866524099998,0.0149081125975,0.106963388882,0.427853555956,-50.0,1
sample_0,data_set_85,experiment_5,1,0.05,0.624467314919,0.832623086558,-0.5,0.685376387361,0.05,ac,0.39268819367299995,0.695547809093,0.6955478090899999,0.137075277472,0.624467314925,2.4978692596700003,-50.0,1
sample_0,data_set_85,experiment_16,1,1.1,0.42154216511799997,0.843084330237,0.1,0.583337459028,0.1,V2max,0.570891312802,0.726416839196,0.726416839427,0.116667491806,0.421542164492,1.6861686604700001,10.0,1
sample_0,data_set_86,experiment_5,1,0.05,0.624467314919,0.832623086558,-0.5,0.685376387361,0.05,ac,0.39268819367299995,0.695547809093,0.6955478090899999,0.137075277472,0.624467314925,2.4978692596700003,-50.0,1
sample_0,data_set_86,experiment_17,2,1.5,0.302972797366,0.605945594731,0.5,0.183480772849,0.1,V2max,0.72987294833,0.569249440162,0.569249440165,0.0366961545698,0.302972797363,1.2118911894600002,50.0,1
sample_0,data_set_87,experiment_5,1,0.05,0.624467314919,0.832623086558,-0.5,0.685376387361,0.05,ac,0.39268819367299995,0.695547809093,0.6955478090899999,0.137075277472,0.624467314925,2.4978692596700003,-50.0,1
sample_0,data_set_87,experiment_18,2,2.0,0.18792211894900002,0.37584423789800003,1.0,0.0664254493599,0.1,V2max,0.9913785664560001,0.362559147985,0.362559147996,0.013285089872000002,0.187922118948,0.7516884757960001,100.0,1
sample_0,data_set_88,experiment_5,1,0.05,0.624467314919,0.832623086558,-0.5,0.685376387361,0.05,ac,0.39268819367299995,0.695547809093,0.6955478090899999,0.137075277472,0.624467314925,2.4978692596700003,-50.0,1
sample_0,data_set_88,experiment_19,1,0.9,0.565044782689,1.1300895653799998,-0.1,1.7948770537099998,0.1,V2max,0.437854475204,0.771114154637,0.771114154636,0.35897541074199996,0.5650447826899999,2.26017913075,-10.0,1
sample_0,data_set_89,experiment_5,1,0.05,0.624467314919,0.832623086558,-0.5,0.685376387361,0.05,ac,0.39268819367299995,0.695547809093,0.6955478090899999,0.137075277472,0.624467314925,2.4978692596700003,-50.0,1
sample_0,data_set_89,experiment_20,1,0.5,1.05272814787,2.10545629574,-0.5,8.11639328403,0.1,V2max,0.0953576863723,0.48217763893200005,0.482177638943,1.62327865681,1.05272814786,4.21091259148,-50.0,1
sample_0,data_set_90,experiment_0,1,0.1,0.472479613981,0.944959227962,0.0,0.937205692419,0.1,wt,0.518602846213,0.757518089483,0.757518089484,0.187441138484,0.472479613979,1.8899184559200002,0.0,1
sample_0,data_set_90,experiment_11,1,1.1,0.575167417005,1.1503348340100001,0.1,1.5586929067,0.1,V3max,0.42985874918899997,0.8385962528190001,0.838596252788,0.31173858134,0.575167417108,2.3006696680200003,10.0,1
sample_0,data_set_91,experiment_1,1,0.2,0.381684028023,1.0178240747299998,1.0,1.1346623119900001,0.2,ac,0.617331216579,0.790891558598,0.790891569417,0.226932462399,0.38168407794200004,1.5267361120899998,100.0,1
sample_0,data_set_91,experiment_11,1,1.1,0.575167417005,1.1503348340100001,0.1,1.5586929067,0.1,V3max,0.42985874918899997,0.8385962528190001,0.838596252788,0.31173858134,0.575167417108,2.3006696680200003,10.0,1
sample_0,data_set_92,experiment_2,1,0.5,0.321730137626,1.07243379209,4.0,1.2997897537899998,0.5,ac,0.6998933606540001,0.8124753585340001,0.812475138488,0.259957950757,0.321730005848,1.28692055051,400.0,1
sample_0,data_set_92,experiment_11,1,1.1,0.575167417005,1.1503348340100001,0.1,1.5586929067,0.1,V3max,0.42985874918899997,0.8385962528190001,0.838596252788,0.31173858134,0.575167417108,2.3006696680200003,10.0,1
sample_0,data_set_93,experiment_3,1,1.0,0.300718402159,1.0935214624,9.0,1.36727293944,1.0,ac,0.733637773935,0.8200654536499999,0.82006562853,0.27345458788800003,0.300719140626,1.20287360864,900.0,1
sample_0,data_set_93,experiment_11,1,1.1,0.575167417005,1.1503348340100001,0.1,1.5586929067,0.1,V3max,0.42985874918899997,0.8385962528190001,0.838596252788,0.31173858134,0.575167417108,2.3006696680200003,10.0,1
sample_0,data_set_94,experiment_4,1,0.09,0.491239752307,0.930770057003,-0.1,0.901887366215,0.09,ac,0.500943683077,0.750392583837,0.750392583829,0.180377473243,0.491239752246,1.9649590092299998,-10.0,1
sample_0,data_set_94,experiment_11,1,1.1,0.575167417005,1.1503348340100001,0.1,1.5586929067,0.1,V3max,0.42985874918899997,0.8385962528190001,0.838596252788,0.31173858134,0.575167417108,2.3006696680200003,10.0,1
sample_0,data_set_95,experiment_5,1,0.05,0.624467314919,0.832623086558,-0.5,0.685376387361,0.05,ac,0.39268819367299995,0.695547809093,0.6955478090899999,0.137075277472,0.624467314925,2.4978692596700003,-50.0,1
sample_0,data_set_95,experiment_11,1,1.1,0.575167417005,1.1503348340100001,0.1,1.5586929067,0.1,V3max,0.42985874918899997,0.8385962528190001,0.838596252788,0.31173858134,0.575167417108,2.3006696680200003,10.0,1
sample_0,data_set_96,experiment_11,1,1.1,0.575167417005,1.1503348340100001,0.1,1.5586929067,0.1,V3max,0.42985874918899997,0.8385962528190001,0.838596252788,0.31173858134,0.575167417108,2.3006696680200003,10.0,1
sample_0,data_set_96,experiment_12,1,1.5,0.950895518322,1.9017910366400002,0.5,4.802905372480001,0.1,V3max,0.17819333754099997,0.941209962149,0.941209962149,0.9605810744959999,0.950895518322,3.80358207329,50.0,1
sample_0,data_set_97,experiment_11,1,1.1,0.575167417005,1.1503348340100001,0.1,1.5586929067,0.1,V3max,0.42985874918899997,0.8385962528190001,0.838596252788,0.31173858134,0.575167417108,2.3006696680200003,10.0,1
sample_0,data_set_97,experiment_13,1,2.0,1.05434535326,2.10869070652,1.0,5.78976832171,0.1,V3max,0.0936404652836,0.950737042174,0.950737042174,1.15795366434,1.05434535326,4.21738141303,100.0,1
sample_0,data_set_98,experiment_11,1,1.1,0.575167417005,1.1503348340100001,0.1,1.5586929067,0.1,V3max,0.42985874918899997,0.8385962528190001,0.838596252788,0.31173858134,0.575167417108,2.3006696680200003,10.0,1
sample_0,data_set_98,experiment_14,2,0.9,0.388035748983,0.776071497966,-0.1,0.581671478017,0.1,V3max,0.609544951352,0.659737206567,0.659737210183,0.116334295603,0.38803574891099996,1.55214299593,-10.0,1
sample_0,data_set_99,experiment_11,1,1.1,0.575167417005,1.1503348340100001,0.1,1.5586929067,0.1,V3max,0.42985874918899997,0.8385962528190001,0.838596252788,0.31173858134,0.575167417108,2.3006696680200003,10.0,1
sample_0,data_set_99,experiment_15,2,0.5,0.106963388989,0.213926777978,-0.5,0.0745405629877,0.1,V3max,1.3711266334999999,0.19901866540999996,0.19901866524099998,0.0149081125975,0.106963388882,0.427853555956,-50.0,1
sample_0,data_set_100,experiment_11,1,1.1,0.575167417005,1.1503348340100001,0.1,1.5586929067,0.1,V3max,0.42985874918899997,0.8385962528190001,0.838596252788,0.31173858134,0.575167417108,2.3006696680200003,10.0,1
sample_0,data_set_100,experiment_16,1,1.1,0.42154216511799997,0.843084330237,0.1,0.583337459028,0.1,V2max,0.570891312802,0.726416839196,0.726416839427,0.116667491806,0.421542164492,1.6861686604700001,10.0,1
sample_0,data_set_101,experiment_11,1,1.1,0.575167417005,1.1503348340100001,0.1,1.5586929067,0.1,V3max,0.42985874918899997,0.8385962528190001,0.838596252788,0.31173858134,0.575167417108,2.3006696680200003,10.0,1
sample_0,data_set_101,experiment_17,2,1.5,0.302972797366,0.605945594731,0.5,0.183480772849,0.1,V2max,0.72987294833,0.569249440162,0.569249440165,0.0366961545698,0.302972797363,1.2118911894600002,50.0,1
sample_0,data_set_102,experiment_11,1,1.1,0.575167417005,1.1503348340100001,0.1,1.5586929067,0.1,V3max,0.42985874918899997,0.8385962528190001,0.838596252788,0.31173858134,0.575167417108,2.3006696680200003,10.0,1
sample_0,data_set_102,experiment_18,2,2.0,0.18792211894900002,0.37584423789800003,1.0,0.0664254493599,0.1,V2max,0.9913785664560001,0.362559147985,0.362559147996,0.013285089872000002,0.187922118948,0.7516884757960001,100.0,1
sample_0,data_set_103,experiment_11,1,1.1,0.575167417005,1.1503348340100001,0.1,1.5586929067,0.1,V3max,0.42985874918899997,0.8385962528190001,0.838596252788,0.31173858134,0.575167417108,2.3006696680200003,10.0,1
sample_0,data_set_103,experiment_19,1,0.9,0.565044782689,1.1300895653799998,-0.1,1.7948770537099998,0.1,V2max,0.437854475204,0.771114154637,0.771114154636,0.35897541074199996,0.5650447826899999,2.26017913075,-10.0,1
sample_0,data_set_104,experiment_11,1,1.1,0.575167417005,1.1503348340100001,0.1,1.5586929067,0.1,V3max,0.42985874918899997,0.8385962528190001,0.838596252788,0.31173858134,0.575167417108,2.3006696680200003,10.0,1
sample_0,data_set_104,experiment_20,1,0.5,1.05272814787,2.10545629574,-0.5,8.11639328403,0.1,V2max,0.0953576863723,0.48217763893200005,0.482177638943,1.62327865681,1.05272814786,4.21091259148,-50.0,1
sample_0,data_set_105,experiment_0,1,0.1,0.472479613981,0.944959227962,0.0,0.937205692419,0.1,wt,0.518602846213,0.757518089483,0.757518089484,0.187441138484,0.472479613979,1.8899184559200002,0.0,1
sample_0,data_set_105,experiment_12,1,1.5,0.950895518322,1.9017910366400002,0.5,4.802905372480001,0.1,V3max,0.17819333754099997,0.941209962149,0.941209962149,0.9605810744959999,0.950895518322,3.80358207329,50.0,1
sample_0,data_set_106,experiment_1,1,0.2,0.381684028023,1.0178240747299998,1.0,1.1346623119900001,0.2,ac,0.617331216579,0.790891558598,0.790891569417,0.226932462399,0.38168407794200004,1.5267361120899998,100.0,1
sample_0,data_set_106,experiment_12,1,1.5,0.950895518322,1.9017910366400002,0.5,4.802905372480001,0.1,V3max,0.17819333754099997,0.941209962149,0.941209962149,0.9605810744959999,0.950895518322,3.80358207329,50.0,1
sample_0,data_set_107,experiment_2,1,0.5,0.321730137626,1.07243379209,4.0,1.2997897537899998,0.5,ac,0.6998933606540001,0.8124753585340001,0.812475138488,0.259957950757,0.321730005848,1.28692055051,400.0,1
sample_0,data_set_107,experiment_12,1,1.5,0.950895518322,1.9017910366400002,0.5,4.802905372480001,0.1,V3max,0.17819333754099997,0.941209962149,0.941209962149,0.9605810744959999,0.950895518322,3.80358207329,50.0,1
sample_0,data_set_108,experiment_3,1,1.0,0.300718402159,1.0935214624,9.0,1.36727293944,1.0,ac,0.733637773935,0.8200654536499999,0.82006562853,0.27345458788800003,0.300719140626,1.20287360864,900.0,1
sample_0,data_set_108,experiment_12,1,1.5,0.950895518322,1.9017910366400002,0.5,4.802905372480001,0.1,V3max,0.17819333754099997,0.941209962149,0.941209962149,0.9605810744959999,0.950895518322,3.80358207329,50.0,1
sample_0,data_set_109,experiment_4,1,0.09,0.491239752307,0.930770057003,-0.1,0.901887366215,0.09,ac,0.500943683077,0.750392583837,0.750392583829,0.180377473243,0.491239752246,1.9649590092299998,-10.0,1
sample_0,data_set_109,experiment_12,1,1.5,0.950895518322,1.9017910366400002,0.5,4.802905372480001,0.1,V3max,0.17819333754099997,0.941209962149,0.941209962149,0.9605810744959999,0.950895518322,3.80358207329,50.0,1
sample_0,data_set_110,experiment_5,1,0.05,0.624467314919,0.832623086558,-0.5,0.685376387361,0.05,ac,0.39268819367299995,0.695547809093,0.6955478090899999,0.137075277472,0.624467314925,2.4978692596700003,-50.0,1
sample_0,data_set_110,experiment_12,1,1.5,0.950895518322,1.9017910366400002,0.5,4.802905372480001,0.1,V3max,0.17819333754099997,0.941209962149,0.941209962149,0.9605810744959999,0.950895518322,3.80358207329,50.0,1
sample_0,data_set_111,experiment_11,1,1.1,0.575167417005,1.1503348340100001,0.1,1.5586929067,0.1,V3max,0.42985874918899997,0.8385962528190001,0.838596252788,0.31173858134,0.575167417108,2.3006696680200003,10.0,1
sample_0,data_set_111,experiment_12,1,1.5,0.950895518322,1.9017910366400002,0.5,4.802905372480001,0.1,V3max,0.17819333754099997,0.941209962149,0.941209962149,0.9605810744959999,0.950895518322,3.80358207329,50.0,1
sample_0,data_set_112,experiment_12,1,1.5,0.950895518322,1.9017910366400002,0.5,4.802905372480001,0.1,V3max,0.17819333754099997,0.941209962149,0.941209962149,0.9605810744959999,0.950895518322,3.80358207329,50.0,1
sample_0,data_set_112,experiment_13,1,2.0,1.05434535326,2.10869070652,1.0,5.78976832171,0.1,V3max,0.0936404652836,0.950737042174,0.950737042174,1.15795366434,1.05434535326,4.21738141303,100.0,1
sample_0,data_set_113,experiment_12,1,1.5,0.950895518322,1.9017910366400002,0.5,4.802905372480001,0.1,V3max,0.17819333754099997,0.941209962149,0.941209962149,0.9605810744959999,0.950895518322,3.80358207329,50.0,1
sample_0,data_set_113,experiment_14,2,0.9,0.388035748983,0.776071497966,-0.1,0.581671478017,0.1,V3max,0.609544951352,0.659737206567,0.659737210183,0.116334295603,0.38803574891099996,1.55214299593,-10.0,1
sample_0,data_set_114,experiment_12,1,1.5,0.950895518322,1.9017910366400002,0.5,4.802905372480001,0.1,V3max,0.17819333754099997,0.941209962149,0.941209962149,0.9605810744959999,0.950895518322,3.80358207329,50.0,1
sample_0,data_set_114,experiment_15,2,0.5,0.106963388989,0.213926777978,-0.5,0.0745405629877,0.1,V3max,1.3711266334999999,0.19901866540999996,0.19901866524099998,0.0149081125975,0.106963388882,0.427853555956,-50.0,1
sample_0,data_set_115,experiment_12,1,1.5,0.950895518322,1.9017910366400002,0.5,4.802905372480001,0.1,V3max,0.17819333754099997,0.941209962149,0.941209962149,0.9605810744959999,0.950895518322,3.80358207329,50.0,1
sample_0,data_set_115,experiment_16,1,1.1,0.42154216511799997,0.843084330237,0.1,0.583337459028,0.1,V2max,0.570891312802,0.726416839196,0.726416839427,0.116667491806,0.421542164492,1.6861686604700001,10.0,1
sample_0,data_set_116,experiment_12,1,1.5,0.950895518322,1.9017910366400002,0.5,4.802905372480001,0.1,V3max,0.17819333754099997,0.941209962149,0.941209962149,0.9605810744959999,0.950895518322,3.80358207329,50.0,1
sample_0,data_set_116,experiment_17,2,1.5,0.302972797366,0.605945594731,0.5,0.183480772849,0.1,V2max,0.72987294833,0.569249440162,0.569249440165,0.0366961545698,0.302972797363,1.2118911894600002,50.0,1
sample_0,data_set_117,experiment_12,1,1.5,0.950895518322,1.9017910366400002,0.5,4.802905372480001,0.1,V3max,0.17819333754099997,0.941209962149,0.941209962149,0.9605810744959999,0.950895518322,3.80358207329,50.0,1
sample_0,data_set_117,experiment_18,2,2.0,0.18792211894900002,0.37584423789800003,1.0,0.0664254493599,0.1,V2max,0.9913785664560001,0.362559147985,0.362559147996,0.013285089872000002,0.187922118948,0.7516884757960001,100.0,1
sample_0,data_set_118,experiment_12,1,1.5,0.950895518322,1.9017910366400002,0.5,4.802905372480001,0.1,V3max,0.17819333754099997,0.941209962149,0.941209962149,0.9605810744959999,0.950895518322,3.80358207329,50.0,1
sample_0,data_set_118,experiment_19,1,0.9,0.565044782689,1.1300895653799998,-0.1,1.7948770537099998,0.1,V2max,0.437854475204,0.771114154637,0.771114154636,0.35897541074199996,0.5650447826899999,2.26017913075,-10.0,1
sample_0,data_set_119,experiment_12,1,1.5,0.950895518322,1.9017910366400002,0.5,4.802905372480001,0.1,V3max,0.17819333754099997,0.941209962149,0.941209962149,0.9605810744959999,0.950895518322,3.80358207329,50.0,1
sample_0,data_set_119,experiment_20,1,0.5,1.05272814787,2.10545629574,-0.5,8.11639328403,0.1,V2max,0.0953576863723,0.48217763893200005,0.482177638943,1.62327865681,1.05272814786,4.21091259148,-50.0,1
sample_0,data_set_120,experiment_0,1,0.1,0.472479613981,0.944959227962,0.0,0.937205692419,0.1,wt,0.518602846213,0.757518089483,0.757518089484,0.187441138484,0.472479613979,1.8899184559200002,0.0,1
sample_0,data_set_120,experiment_13,1,2.0,1.05434535326,2.10869070652,1.0,5.78976832171,0.1,V3max,0.0936404652836,0.950737042174,0.950737042174,1.15795366434,1.05434535326,4.21738141303,100.0,1
sample_0,data_set_121,experiment_1,1,0.2,0.381684028023,1.0178240747299998,1.0,1.1346623119900001,0.2,ac,0.617331216579,0.790891558598,0.790891569417,0.226932462399,0.38168407794200004,1.5267361120899998,100.0,1
sample_0,data_set_121,experiment_13,1,2.0,1.05434535326,2.10869070652,1.0,5.78976832171,0.1,V3max,0.0936404652836,0.950737042174,0.950737042174,1.15795366434,1.05434535326,4.21738141303,100.0,1
sample_0,data_set_122,experiment_2,1,0.5,0.321730137626,1.07243379209,4.0,1.2997897537899998,0.5,ac,0.6998933606540001,0.8124753585340001,0.812475138488,0.259957950757,0.321730005848,1.28692055051,400.0,1
sample_0,data_set_122,experiment_13,1,2.0,1.05434535326,2.10869070652,1.0,5.78976832171,0.1,V3max,0.0936404652836,0.950737042174,0.950737042174,1.15795366434,1.05434535326,4.21738141303,100.0,1
sample_0,data_set_123,experiment_3,1,1.0,0.300718402159,1.0935214624,9.0,1.36727293944,1.0,ac,0.733637773935,0.8200654536499999,0.82006562853,0.27345458788800003,0.300719140626,1.20287360864,900.0,1
sample_0,data_set_123,experiment_13,1,2.0,1.05434535326,2.10869070652,1.0,5.78976832171,0.1,V3max,0.0936404652836,0.950737042174,0.950737042174,1.15795366434,1.05434535326,4.21738141303,100.0,1
sample_0,data_set_124,experiment_4,1,0.09,0.491239752307,0.930770057003,-0.1,0.901887366215,0.09,ac,0.500943683077,0.750392583837,0.750392583829,0.180377473243,0.491239752246,1.9649590092299998,-10.0,1
sample_0,data_set_124,experiment_13,1,2.0,1.05434535326,2.10869070652,1.0,5.78976832171,0.1,V3max,0.0936404652836,0.950737042174,0.950737042174,1.15795366434,1.05434535326,4.21738141303,100.0,1
sample_0,data_set_125,experiment_5,1,0.05,0.624467314919,0.832623086558,-0.5,0.685376387361,0.05,ac,0.39268819367299995,0.695547809093,0.6955478090899999,0.137075277472,0.624467314925,2.4978692596700003,-50.0,1
sample_0,data_set_125,experiment_13,1,2.0,1.05434535326,2.10869070652,1.0,5.78976832171,0.1,V3max,0.0936404652836,0.950737042174,0.950737042174,1.15795366434,1.05434535326,4.21738141303,100.0,1
sample_0,data_set_126,experiment_11,1,1.1,0.575167417005,1.1503348340100001,0.1,1.5586929067,0.1,V3max,0.42985874918899997,0.8385962528190001,0.838596252788,0.31173858134,0.575167417108,2.3006696680200003,10.0,1
sample_0,data_set_126,experiment_13,1,2.0,1.05434535326,2.10869070652,1.0,5.78976832171,0.1,V3max,0.0936404652836,0.950737042174,0.950737042174,1.15795366434,1.05434535326,4.21738141303,100.0,1
sample_0,data_set_127,experiment_12,1,1.5,0.950895518322,1.9017910366400002,0.5,4.802905372480001,0.1,V3max,0.17819333754099997,0.941209962149,0.941209962149,0.9605810744959999,0.950895518322,3.80358207329,50.0,1
sample_0,data_set_127,experiment_13,1,2.0,1.05434535326,2.10869070652,1.0,5.78976832171,0.1,V3max,0.0936404652836,0.950737042174,0.950737042174,1.15795366434,1.05434535326,4.21738141303,100.0,1
sample_0,data_set_128,experiment_13,1,2.0,1.05434535326,2.10869070652,1.0,5.78976832171,0.1,V3max,0.0936404652836,0.950737042174,0.950737042174,1.15795366434,1.05434535326,4.21738141303,100.0,1
sample_0,data_set_128,experiment_14,2,0.9,0.388035748983,0.776071497966,-0.1,0.581671478017,0.1,V3max,0.609544951352,0.659737206567,0.659737210183,0.116334295603,0.38803574891099996,1.55214299593,-10.0,1
sample_0,data_set_129,experiment_13,1,2.0,1.05434535326,2.10869070652,1.0,5.78976832171,0.1,V3max,0.0936404652836,0.950737042174,0.950737042174,1.15795366434,1.05434535326,4.21738141303,100.0,1
sample_0,data_set_129,experiment_15,2,0.5,0.106963388989,0.213926777978,-0.5,0.0745405629877,0.1,V3max,1.3711266334999999,0.19901866540999996,0.19901866524099998,0.0149081125975,0.106963388882,0.427853555956,-50.0,1
sample_0,data_set_130,experiment_13,1,2.0,1.05434535326,2.10869070652,1.0,5.78976832171,0.1,V3max,0.0936404652836,0.950737042174,0.950737042174,1.15795366434,1.05434535326,4.21738141303,100.0,1
sample_0,data_set_130,experiment_16,1,1.1,0.42154216511799997,0.843084330237,0.1,0.583337459028,0.1,V2max,0.570891312802,0.726416839196,0.726416839427,0.116667491806,0.421542164492,1.6861686604700001,10.0,1
sample_0,data_set_131,experiment_13,1,2.0,1.05434535326,2.10869070652,1.0,5.78976832171,0.1,V3max,0.0936404652836,0.950737042174,0.950737042174,1.15795366434,1.05434535326,4.21738141303,100.0,1
sample_0,data_set_131,experiment_17,2,1.5,0.302972797366,0.605945594731,0.5,0.183480772849,0.1,V2max,0.72987294833,0.569249440162,0.569249440165,0.0366961545698,0.302972797363,1.2118911894600002,50.0,1
sample_0,data_set_132,experiment_13,1,2.0,1.05434535326,2.10869070652,1.0,5.78976832171,0.1,V3max,0.0936404652836,0.950737042174,0.950737042174,1.15795366434,1.05434535326,4.21738141303,100.0,1
sample_0,data_set_132,experiment_18,2,2.0,0.18792211894900002,0.37584423789800003,1.0,0.0664254493599,0.1,V2max,0.9913785664560001,0.362559147985,0.362559147996,0.013285089872000002,0.187922118948,0.7516884757960001,100.0,1
sample_0,data_set_133,experiment_13,1,2.0,1.05434535326,2.10869070652,1.0,5.78976832171,0.1,V3max,0.0936404652836,0.950737042174,0.950737042174,1.15795366434,1.05434535326,4.21738141303,100.0,1
sample_0,data_set_133,experiment_19,1,0.9,0.565044782689,1.1300895653799998,-0.1,1.7948770537099998,0.1,V2max,0.437854475204,0.771114154637,0.771114154636,0.35897541074199996,0.5650447826899999,2.26017913075,-10.0,1
sample_0,data_set_134,experiment_13,1,2.0,1.05434535326,2.10869070652,1.0,5.78976832171,0.1,V3max,0.0936404652836,0.950737042174,0.950737042174,1.15795366434,1.05434535326,4.21738141303,100.0,1
sample_0,data_set_134,experiment_20,1,0.5,1.05272814787,2.10545629574,-0.5,8.11639328403,0.1,V2max,0.0953576863723,0.48217763893200005,0.482177638943,1.62327865681,1.05272814786,4.21091259148,-50.0,1
sample_0,data_set_135,experiment_0,1,0.1,0.472479613981,0.944959227962,0.0,0.937205692419,0.1,wt,0.518602846213,0.757518089483,0.757518089484,0.187441138484,0.472479613979,1.8899184559200002,0.0,1
sample_0,data_set_135,experiment_14,2,0.9,0.388035748983,0.776071497966,-0.1,0.581671478017,0.1,V3max,0.609544951352,0.659737206567,0.659737210183,0.116334295603,0.38803574891099996,1.55214299593,-10.0,1
sample_0,data_set_136,experiment_1,1,0.2,0.381684028023,1.0178240747299998,1.0,1.1346623119900001,0.2,ac,0.617331216579,0.790891558598,0.790891569417,0.226932462399,0.38168407794200004,1.5267361120899998,100.0,1
sample_0,data_set_136,experiment_14,2,0.9,0.388035748983,0.776071497966,-0.1,0.581671478017,0.1,V3max,0.609544951352,0.659737206567,0.659737210183,0.116334295603,0.38803574891099996,1.55214299593,-10.0,1
sample_0,data_set_137,experiment_2,1,0.5,0.321730137626,1.07243379209,4.0,1.2997897537899998,0.5,ac,0.6998933606540001,0.8124753585340001,0.812475138488,0.259957950757,0.321730005848,1.28692055051,400.0,1
sample_0,data_set_137,experiment_14,2,0.9,0.388035748983,0.776071497966,-0.1,0.581671478017,0.1,V3max,0.609544951352,0.659737206567,0.659737210183,0.116334295603,0.38803574891099996,1.55214299593,-10.0,1
sample_0,data_set_138,experiment_3,1,1.0,0.300718402159,1.0935214624,9.0,1.36727293944,1.0,ac,0.733637773935,0.8200654536499999,0.82006562853,0.27345458788800003,0.300719140626,1.20287360864,900.0,1
sample_0,data_set_138,experiment_14,2,0.9,0.388035748983,0.776071497966,-0.1,0.581671478017,0.1,V3max,0.609544951352,0.659737206567,0.659737210183,0.116334295603,0.38803574891099996,1.55214299593,-10.0,1
sample_0,data_set_139,experiment_4,1,0.09,0.491239752307,0.930770057003,-0.1,0.901887366215,0.09,ac,0.500943683077,0.750392583837,0.750392583829,0.180377473243,0.491239752246,1.9649590092299998,-10.0,1
sample_0,data_set_139,experiment_14,2,0.9,0.388035748983,0.776071497966,-0.1,0.581671478017,0.1,V3max,0.609544951352,0.659737206567,0.659737210183,0.116334295603,0.38803574891099996,1.55214299593,-10.0,1
sample_0,data_set_140,experiment_5,1,0.05,0.624467314919,0.832623086558,-0.5,0.685376387361,0.05,ac,0.39268819367299995,0.695547809093,0.6955478090899999,0.137075277472,0.624467314925,2.4978692596700003,-50.0,1
sample_0,data_set_140,experiment_14,2,0.9,0.388035748983,0.776071497966,-0.1,0.581671478017,0.1,V3max,0.609544951352,0.659737206567,0.659737210183,0.116334295603,0.38803574891099996,1.55214299593,-10.0,1
sample_0,data_set_141,experiment_11,1,1.1,0.575167417005,1.1503348340100001,0.1,1.5586929067,0.1,V3max,0.42985874918899997,0.8385962528190001,0.838596252788,0.31173858134,0.575167417108,2.3006696680200003,10.0,1
sample_0,data_set_141,experiment_14,2,0.9,0.388035748983,0.776071497966,-0.1,0.581671478017,0.1,V3max,0.609544951352,0.659737206567,0.659737210183,0.116334295603,0.38803574891099996,1.55214299593,-10.0,1
sample_0,data_set_142,experiment_12,1,1.5,0.950895518322,1.9017910366400002,0.5,4.802905372480001,0.1,V3max,0.17819333754099997,0.941209962149,0.941209962149,0.9605810744959999,0.950895518322,3.80358207329,50.0,1
sample_0,data_set_142,experiment_14,2,0.9,0.388035748983,0.776071497966,-0.1,0.581671478017,0.1,V3max,0.609544951352,0.659737206567,0.659737210183,0.116334295603,0.38803574891099996,1.55214299593,-10.0,1
sample_0,data_set_143,experiment_13,1,2.0,1.05434535326,2.10869070652,1.0,5.78976832171,0.1,V3max,0.0936404652836,0.950737042174,0.950737042174,1.15795366434,1.05434535326,4.21738141303,100.0,1
sample_0,data_set_143,experiment_14,2,0.9,0.388035748983,0.776071497966,-0.1,0.581671478017,0.1,V3max,0.609544951352,0.659737206567,0.659737210183,0.116334295603,0.38803574891099996,1.55214299593,-10.0,1
sample_0,data_set_144,experiment_14,2,0.9,0.388035748983,0.776071497966,-0.1,0.581671478017,0.1,V3max,0.609544951352,0.659737206567,0.659737210183,0.116334295603,0.38803574891099996,1.55214299593,-10.0,1
sample_0,data_set_144,experiment_15,2,0.5,0.106963388989,0.213926777978,-0.5,0.0745405629877,0.1,V3max,1.3711266334999999,0.19901866540999996,0.19901866524099998,0.0149081125975,0.106963388882,0.427853555956,-50.0,1
sample_0,data_set_145,experiment_14,2,0.9,0.388035748983,0.776071497966,-0.1,0.581671478017,0.1,V3max,0.609544951352,0.659737206567,0.659737210183,0.116334295603,0.38803574891099996,1.55214299593,-10.0,1
sample_0,data_set_145,experiment_16,1,1.1,0.42154216511799997,0.843084330237,0.1,0.583337459028,0.1,V2max,0.570891312802,0.726416839196,0.726416839427,0.116667491806,0.421542164492,1.6861686604700001,10.0,1
sample_0,data_set_146,experiment_14,2,0.9,0.388035748983,0.776071497966,-0.1,0.581671478017,0.1,V3max,0.609544951352,0.659737206567,0.659737210183,0.116334295603,0.38803574891099996,1.55214299593,-10.0,1
sample_0,data_set_146,experiment_17,2,1.5,0.302972797366,0.605945594731,0.5,0.183480772849,0.1,V2max,0.72987294833,0.569249440162,0.569249440165,0.0366961545698,0.302972797363,1.2118911894600002,50.0,1
sample_0,data_set_147,experiment_14,2,0.9,0.388035748983,0.776071497966,-0.1,0.581671478017,0.1,V3max,0.609544951352,0.659737206567,0.659737210183,0.116334295603,0.38803574891099996,1.55214299593,-10.0,1
sample_0,data_set_147,experiment_18,2,2.0,0.18792211894900002,0.37584423789800003,1.0,0.0664254493599,0.1,V2max,0.9913785664560001,0.362559147985,0.362559147996,0.013285089872000002,0.187922118948,0.7516884757960001,100.0,1
sample_0,data_set_148,experiment_14,2,0.9,0.388035748983,0.776071497966,-0.1,0.581671478017,0.1,V3max,0.609544951352,0.659737206567,0.659737210183,0.116334295603,0.38803574891099996,1.55214299593,-10.0,1
sample_0,data_set_148,experiment_19,1,0.9,0.565044782689,1.1300895653799998,-0.1,1.7948770537099998,0.1,V2max,0.437854475204,0.771114154637,0.771114154636,0.35897541074199996,0.5650447826899999,2.26017913075,-10.0,1
sample_0,data_set_149,experiment_14,2,0.9,0.388035748983,0.776071497966,-0.1,0.581671478017,0.1,V3max,0.609544951352,0.659737206567,0.659737210183,0.116334295603,0.38803574891099996,1.55214299593,-10.0,1
sample_0,data_set_149,experiment_20,1,0.5,1.05272814787,2.10545629574,-0.5,8.11639328403,0.1,V2max,0.0953576863723,0.48217763893200005,0.482177638943,1.62327865681,1.05272814786,4.21091259148,-50.0,1
sample_0,data_set_150,experiment_0,1,0.1,0.472479613981,0.944959227962,0.0,0.937205692419,0.1,wt,0.518602846213,0.757518089483,0.757518089484,0.187441138484,0.472479613979,1.8899184559200002,0.0,1
sample_0,data_set_150,experiment_15,2,0.5,0.106963388989,0.213926777978,-0.5,0.0745405629877,0.1,V3max,1.3711266334999999,0.19901866540999996,0.19901866524099998,0.0149081125975,0.106963388882,0.427853555956,-50.0,1
sample_0,data_set_151,experiment_1,1,0.2,0.381684028023,1.0178240747299998,1.0,1.1346623119900001,0.2,ac,0.617331216579,0.790891558598,0.790891569417,0.226932462399,0.38168407794200004,1.5267361120899998,100.0,1
sample_0,data_set_151,experiment_15,2,0.5,0.106963388989,0.213926777978,-0.5,0.0745405629877,0.1,V3max,1.3711266334999999,0.19901866540999996,0.19901866524099998,0.0149081125975,0.106963388882,0.427853555956,-50.0,1
sample_0,data_set_152,experiment_2,1,0.5,0.321730137626,1.07243379209,4.0,1.2997897537899998,0.5,ac,0.6998933606540001,0.8124753585340001,0.812475138488,0.259957950757,0.321730005848,1.28692055051,400.0,1
sample_0,data_set_152,experiment_15,2,0.5,0.106963388989,0.213926777978,-0.5,0.0745405629877,0.1,V3max,1.3711266334999999,0.19901866540999996,0.19901866524099998,0.0149081125975,0.106963388882,0.427853555956,-50.0,1
sample_0,data_set_153,experiment_3,1,1.0,0.300718402159,1.0935214624,9.0,1.36727293944,1.0,ac,0.733637773935,0.8200654536499999,0.82006562853,0.27345458788800003,0.300719140626,1.20287360864,900.0,1
sample_0,data_set_153,experiment_15,2,0.5,0.106963388989,0.213926777978,-0.5,0.0745405629877,0.1,V3max,1.3711266334999999,0.19901866540999996,0.19901866524099998,0.0149081125975,0.106963388882,0.427853555956,-50.0,1
sample_0,data_set_154,experiment_4,1,0.09,0.491239752307,0.930770057003,-0.1,0.901887366215,0.09,ac,0.500943683077,0.750392583837,0.750392583829,0.180377473243,0.491239752246,1.9649590092299998,-10.0,1
sample_0,data_set_154,experiment_15,2,0.5,0.106963388989,0.213926777978,-0.5,0.0745405629877,0.1,V3max,1.3711266334999999,0.19901866540999996,0.19901866524099998,0.0149081125975,0.106963388882,0.427853555956,-50.0,1
sample_0,data_set_155,experiment_5,1,0.05,0.624467314919,0.832623086558,-0.5,0.685376387361,0.05,ac,0.39268819367299995,0.695547809093,0.6955478090899999,0.137075277472,0.624467314925,2.4978692596700003,-50.0,1
sample_0,data_set_155,experiment_15,2,0.5,0.106963388989,0.213926777978,-0.5,0.0745405629877,0.1,V3max,1.3711266334999999,0.19901866540999996,0.19901866524099998,0.0149081125975,0.106963388882,0.427853555956,-50.0,1
sample_0,data_set_156,experiment_11,1,1.1,0.575167417005,1.1503348340100001,0.1,1.5586929067,0.1,V3max,0.42985874918899997,0.8385962528190001,0.838596252788,0.31173858134,0.575167417108,2.3006696680200003,10.0,1
sample_0,data_set_156,experiment_15,2,0.5,0.106963388989,0.213926777978,-0.5,0.0745405629877,0.1,V3max,1.3711266334999999,0.19901866540999996,0.19901866524099998,0.0149081125975,0.106963388882,0.427853555956,-50.0,1
sample_0,data_set_157,experiment_12,1,1.5,0.950895518322,1.9017910366400002,0.5,4.802905372480001,0.1,V3max,0.17819333754099997,0.941209962149,0.941209962149,0.9605810744959999,0.950895518322,3.80358207329,50.0,1
sample_0,data_set_157,experiment_15,2,0.5,0.106963388989,0.213926777978,-0.5,0.0745405629877,0.1,V3max,1.3711266334999999,0.19901866540999996,0.19901866524099998,0.0149081125975,0.106963388882,0.427853555956,-50.0,1
sample_0,data_set_158,experiment_13,1,2.0,1.05434535326,2.10869070652,1.0,5.78976832171,0.1,V3max,0.0936404652836,0.950737042174,0.950737042174,1.15795366434,1.05434535326,4.21738141303,100.0,1
sample_0,data_set_158,experiment_15,2,0.5,0.106963388989,0.213926777978,-0.5,0.0745405629877,0.1,V3max,1.3711266334999999,0.19901866540999996,0.19901866524099998,0.0149081125975,0.106963388882,0.427853555956,-50.0,1
sample_0,data_set_159,experiment_14,2,0.9,0.388035748983,0.776071497966,-0.1,0.581671478017,0.1,V3max,0.609544951352,0.659737206567,0.659737210183,0.116334295603,0.38803574891099996,1.55214299593,-10.0,1
sample_0,data_set_159,experiment_15,2,0.5,0.106963388989,0.213926777978,-0.5,0.0745405629877,0.1,V3max,1.3711266334999999,0.19901866540999996,0.19901866524099998,0.0149081125975,0.106963388882,0.427853555956,-50.0,1
sample_0,data_set_160,experiment_15,2,0.5,0.106963388989,0.213926777978,-0.5,0.0745405629877,0.1,V3max,1.3711266334999999,0.19901866540999996,0.19901866524099998,0.0149081125975,0.106963388882,0.427853555956,-50.0,1
sample_0,data_set_160,experiment_16,1,1.1,0.42154216511799997,0.843084330237,0.1,0.583337459028,0.1,V2max,0.570891312802,0.726416839196,0.726416839427,0.116667491806,0.421542164492,1.6861686604700001,10.0,1
sample_0,data_set_161,experiment_15,2,0.5,0.106963388989,0.213926777978,-0.5,0.0745405629877,0.1,V3max,1.3711266334999999,0.19901866540999996,0.19901866524099998,0.0149081125975,0.106963388882,0.427853555956,-50.0,1
sample_0,data_set_161,experiment_17,2,1.5,0.302972797366,0.605945594731,0.5,0.183480772849,0.1,V2max,0.72987294833,0.569249440162,0.569249440165,0.0366961545698,0.302972797363,1.2118911894600002,50.0,1
sample_0,data_set_162,experiment_15,2,0.5,0.106963388989,0.213926777978,-0.5,0.0745405629877,0.1,V3max,1.3711266334999999,0.19901866540999996,0.19901866524099998,0.0149081125975,0.106963388882,0.427853555956,-50.0,1
sample_0,data_set_162,experiment_18,2,2.0,0.18792211894900002,0.37584423789800003,1.0,0.0664254493599,0.1,V2max,0.9913785664560001,0.362559147985,0.362559147996,0.013285089872000002,0.187922118948,0.7516884757960001,100.0,1
sample_0,data_set_163,experiment_15,2,0.5,0.106963388989,0.213926777978,-0.5,0.0745405629877,0.1,V3max,1.3711266334999999,0.19901866540999996,0.19901866524099998,0.0149081125975,0.106963388882,0.427853555956,-50.0,1
sample_0,data_set_163,experiment_19,1,0.9,0.565044782689,1.1300895653799998,-0.1,1.7948770537099998,0.1,V2max,0.437854475204,0.771114154637,0.771114154636,0.35897541074199996,0.5650447826899999,2.26017913075,-10.0,1
sample_0,data_set_164,experiment_15,2,0.5,0.106963388989,0.213926777978,-0.5,0.0745405629877,0.1,V3max,1.3711266334999999,0.19901866540999996,0.19901866524099998,0.0149081125975,0.106963388882,0.427853555956,-50.0,1
sample_0,data_set_164,experiment_20,1,0.5,1.05272814787,2.10545629574,-0.5,8.11639328403,0.1,V2max,0.0953576863723,0.48217763893200005,0.482177638943,1.62327865681,1.05272814786,4.21091259148,-50.0,1
sample_0,data_set_165,experiment_0,1,0.1,0.472479613981,0.944959227962,0.0,0.937205692419,0.1,wt,0.518602846213,0.757518089483,0.757518089484,0.187441138484,0.472479613979,1.8899184559200002,0.0,1
sample_0,data_set_165,experiment_16,1,1.1,0.42154216511799997,0.843084330237,0.1,0.583337459028,0.1,V2max,0.570891312802,0.726416839196,0.726416839427,0.116667491806,0.421542164492,1.6861686604700001,10.0,1
sample_0,data_set_166,experiment_1,1,0.2,0.381684028023,1.0178240747299998,1.0,1.1346623119900001,0.2,ac,0.617331216579,0.790891558598,0.790891569417,0.226932462399,0.38168407794200004,1.5267361120899998,100.0,1
sample_0,data_set_166,experiment_16,1,1.1,0.42154216511799997,0.843084330237,0.1,0.583337459028,0.1,V2max,0.570891312802,0.726416839196,0.726416839427,0.116667491806,0.421542164492,1.6861686604700001,10.0,1
sample_0,data_set_167,experiment_2,1,0.5,0.321730137626,1.07243379209,4.0,1.2997897537899998,0.5,ac,0.6998933606540001,0.8124753585340001,0.812475138488,0.259957950757,0.321730005848,1.28692055051,400.0,1
sample_0,data_set_167,experiment_16,1,1.1,0.42154216511799997,0.843084330237,0.1,0.583337459028,0.1,V2max,0.570891312802,0.726416839196,0.726416839427,0.116667491806,0.421542164492,1.6861686604700001,10.0,1
sample_0,data_set_168,experiment_3,1,1.0,0.300718402159,1.0935214624,9.0,1.36727293944,1.0,ac,0.733637773935,0.8200654536499999,0.82006562853,0.27345458788800003,0.300719140626,1.20287360864,900.0,1
sample_0,data_set_168,experiment_16,1,1.1,0.42154216511799997,0.843084330237,0.1,0.583337459028,0.1,V2max,0.570891312802,0.726416839196,0.726416839427,0.116667491806,0.421542164492,1.6861686604700001,10.0,1
sample_0,data_set_169,experiment_4,1,0.09,0.491239752307,0.930770057003,-0.1,0.901887366215,0.09,ac,0.500943683077,0.750392583837,0.750392583829,0.180377473243,0.491239752246,1.9649590092299998,-10.0,1
sample_0,data_set_169,experiment_16,1,1.1,0.42154216511799997,0.843084330237,0.1,0.583337459028,0.1,V2max,0.570891312802,0.726416839196,0.726416839427,0.116667491806,0.421542164492,1.6861686604700001,10.0,1
sample_0,data_set_170,experiment_5,1,0.05,0.624467314919,0.832623086558,-0.5,0.685376387361,0.05,ac,0.39268819367299995,0.695547809093,0.6955478090899999,0.137075277472,0.624467314925,2.4978692596700003,-50.0,1
sample_0,data_set_170,experiment_16,1,1.1,0.42154216511799997,0.843084330237,0.1,0.583337459028,0.1,V2max,0.570891312802,0.726416839196,0.726416839427,0.116667491806,0.421542164492,1.6861686604700001,10.0,1
sample_0,data_set_171,experiment_11,1,1.1,0.575167417005,1.1503348340100001,0.1,1.5586929067,0.1,V3max,0.42985874918899997,0.8385962528190001,0.838596252788,0.31173858134,0.575167417108,2.3006696680200003,10.0,1
sample_0,data_set_171,experiment_16,1,1.1,0.42154216511799997,0.843084330237,0.1,0.583337459028,0.1,V2max,0.570891312802,0.726416839196,0.726416839427,0.116667491806,0.421542164492,1.6861686604700001,10.0,1
sample_0,data_set_172,experiment_12,1,1.5,0.950895518322,1.9017910366400002,0.5,4.802905372480001,0.1,V3max,0.17819333754099997,0.941209962149,0.941209962149,0.9605810744959999,0.950895518322,3.80358207329,50.0,1
sample_0,data_set_172,experiment_16,1,1.1,0.42154216511799997,0.843084330237,0.1,0.583337459028,0.1,V2max,0.570891312802,0.726416839196,0.726416839427,0.116667491806,0.421542164492,1.6861686604700001,10.0,1
sample_0,data_set_173,experiment_13,1,2.0,1.05434535326,2.10869070652,1.0,5.78976832171,0.1,V3max,0.0936404652836,0.950737042174,0.950737042174,1.15795366434,1.05434535326,4.21738141303,100.0,1
sample_0,data_set_173,experiment_16,1,1.1,0.42154216511799997,0.843084330237,0.1,0.583337459028,0.1,V2max,0.570891312802,0.726416839196,0.726416839427,0.116667491806,0.421542164492,1.6861686604700001,10.0,1
sample_0,data_set_174,experiment_14,2,0.9,0.388035748983,0.776071497966,-0.1,0.581671478017,0.1,V3max,0.609544951352,0.659737206567,0.659737210183,0.116334295603,0.38803574891099996,1.55214299593,-10.0,1
sample_0,data_set_174,experiment_16,1,1.1,0.42154216511799997,0.843084330237,0.1,0.583337459028,0.1,V2max,0.570891312802,0.726416839196,0.726416839427,0.116667491806,0.421542164492,1.6861686604700001,10.0,1
sample_0,data_set_175,experiment_15,2,0.5,0.106963388989,0.213926777978,-0.5,0.0745405629877,0.1,V3max,1.3711266334999999,0.19901866540999996,0.19901866524099998,0.0149081125975,0.106963388882,0.427853555956,-50.0,1
sample_0,data_set_175,experiment_16,1,1.1,0.42154216511799997,0.843084330237,0.1,0.583337459028,0.1,V2max,0.570891312802,0.726416839196,0.726416839427,0.116667491806,0.421542164492,1.6861686604700001,10.0,1
sample_0,data_set_176,experiment_16,1,1.1,0.42154216511799997,0.843084330237,0.1,0.583337459028,0.1,V2max,0.570891312802,0.726416839196,0.726416839427,0.116667491806,0.421542164492,1.6861686604700001,10.0,1
sample_0,data_set_176,experiment_17,2,1.5,0.302972797366,0.605945594731,0.5,0.183480772849,0.1,V2max,0.72987294833,0.569249440162,0.569249440165,0.0366961545698,0.302972797363,1.2118911894600002,50.0,1
sample_0,data_set_177,experiment_16,1,1.1,0.42154216511799997,0.843084330237,0.1,0.583337459028,0.1,V2max,0.570891312802,0.726416839196,0.726416839427,0.116667491806,0.421542164492,1.6861686604700001,10.0,1
sample_0,data_set_177,experiment_18,2,2.0,0.18792211894900002,0.37584423789800003,1.0,0.0664254493599,0.1,V2max,0.9913785664560001,0.362559147985,0.362559147996,0.013285089872000002,0.187922118948,0.7516884757960001,100.0,1
sample_0,data_set_178,experiment_16,1,1.1,0.42154216511799997,0.843084330237,0.1,0.583337459028,0.1,V2max,0.570891312802,0.726416839196,0.726416839427,0.116667491806,0.421542164492,1.6861686604700001,10.0,1
sample_0,data_set_178,experiment_19,1,0.9,0.565044782689,1.1300895653799998,-0.1,1.7948770537099998,0.1,V2max,0.437854475204,0.771114154637,0.771114154636,0.35897541074199996,0.5650447826899999,2.26017913075,-10.0,1
sample_0,data_set_179,experiment_16,1,1.1,0.42154216511799997,0.843084330237,0.1,0.583337459028,0.1,V2max,0.570891312802,0.726416839196,0.726416839427,0.116667491806,0.421542164492,1.6861686604700001,10.0,1
sample_0,data_set_179,experiment_20,1,0.5,1.05272814787,2.10545629574,-0.5,8.11639328403,0.1,V2max,0.0953576863723,0.48217763893200005,0.482177638943,1.62327865681,1.05272814786,4.21091259148,-50.0,1
sample_0,data_set_180,experiment_0,1,0.1,0.472479613981,0.944959227962,0.0,0.937205692419,0.1,wt,0.518602846213,0.757518089483,0.757518089484,0.187441138484,0.472479613979,1.8899184559200002,0.0,1
sample_0,data_set_180,experiment_17,2,1.5,0.302972797366,0.605945594731,0.5,0.183480772849,0.1,V2max,0.72987294833,0.569249440162,0.569249440165,0.0366961545698,0.302972797363,1.2118911894600002,50.0,1
sample_0,data_set_181,experiment_1,1,0.2,0.381684028023,1.0178240747299998,1.0,1.1346623119900001,0.2,ac,0.617331216579,0.790891558598,0.790891569417,0.226932462399,0.38168407794200004,1.5267361120899998,100.0,1
sample_0,data_set_181,experiment_17,2,1.5,0.302972797366,0.605945594731,0.5,0.183480772849,0.1,V2max,0.72987294833,0.569249440162,0.569249440165,0.0366961545698,0.302972797363,1.2118911894600002,50.0,1
sample_0,data_set_182,experiment_2,1,0.5,0.321730137626,1.07243379209,4.0,1.2997897537899998,0.5,ac,0.6998933606540001,0.8124753585340001,0.812475138488,0.259957950757,0.321730005848,1.28692055051,400.0,1
sample_0,data_set_182,experiment_17,2,1.5,0.302972797366,0.605945594731,0.5,0.183480772849,0.1,V2max,0.72987294833,0.569249440162,0.569249440165,0.0366961545698,0.302972797363,1.2118911894600002,50.0,1
sample_0,data_set_183,experiment_3,1,1.0,0.300718402159,1.0935214624,9.0,1.36727293944,1.0,ac,0.733637773935,0.8200654536499999,0.82006562853,0.27345458788800003,0.300719140626,1.20287360864,900.0,1
sample_0,data_set_183,experiment_17,2,1.5,0.302972797366,0.605945594731,0.5,0.183480772849,0.1,V2max,0.72987294833,0.569249440162,0.569249440165,0.0366961545698,0.302972797363,1.2118911894600002,50.0,1
sample_0,data_set_184,experiment_4,1,0.09,0.491239752307,0.930770057003,-0.1,0.901887366215,0.09,ac,0.500943683077,0.750392583837,0.750392583829,0.180377473243,0.491239752246,1.9649590092299998,-10.0,1
sample_0,data_set_184,experiment_17,2,1.5,0.302972797366,0.605945594731,0.5,0.183480772849,0.1,V2max,0.72987294833,0.569249440162,0.569249440165,0.0366961545698,0.302972797363,1.2118911894600002,50.0,1
sample_0,data_set_185,experiment_5,1,0.05,0.624467314919,0.832623086558,-0.5,0.685376387361,0.05,ac,0.39268819367299995,0.695547809093,0.6955478090899999,0.137075277472,0.624467314925,2.4978692596700003,-50.0,1
sample_0,data_set_185,experiment_17,2,1.5,0.302972797366,0.605945594731,0.5,0.183480772849,0.1,V2max,0.72987294833,0.569249440162,0.569249440165,0.0366961545698,0.302972797363,1.2118911894600002,50.0,1
sample_0,data_set_186,experiment_11,1,1.1,0.575167417005,1.1503348340100001,0.1,1.5586929067,0.1,V3max,0.42985874918899997,0.8385962528190001,0.838596252788,0.31173858134,0.575167417108,2.3006696680200003,10.0,1
sample_0,data_set_186,experiment_17,2,1.5,0.302972797366,0.605945594731,0.5,0.183480772849,0.1,V2max,0.72987294833,0.569249440162,0.569249440165,0.0366961545698,0.302972797363,1.2118911894600002,50.0,1
sample_0,data_set_187,experiment_12,1,1.5,0.950895518322,1.9017910366400002,0.5,4.802905372480001,0.1,V3max,0.17819333754099997,0.941209962149,0.941209962149,0.9605810744959999,0.950895518322,3.80358207329,50.0,1
sample_0,data_set_187,experiment_17,2,1.5,0.302972797366,0.605945594731,0.5,0.183480772849,0.1,V2max,0.72987294833,0.569249440162,0.569249440165,0.0366961545698,0.302972797363,1.2118911894600002,50.0,1
sample_0,data_set_188,experiment_13,1,2.0,1.05434535326,2.10869070652,1.0,5.78976832171,0.1,V3max,0.0936404652836,0.950737042174,0.950737042174,1.15795366434,1.05434535326,4.21738141303,100.0,1
sample_0,data_set_188,experiment_17,2,1.5,0.302972797366,0.605945594731,0.5,0.183480772849,0.1,V2max,0.72987294833,0.569249440162,0.569249440165,0.0366961545698,0.302972797363,1.2118911894600002,50.0,1
sample_0,data_set_189,experiment_14,2,0.9,0.388035748983,0.776071497966,-0.1,0.581671478017,0.1,V3max,0.609544951352,0.659737206567,0.659737210183,0.116334295603,0.38803574891099996,1.55214299593,-10.0,1
sample_0,data_set_189,experiment_17,2,1.5,0.302972797366,0.605945594731,0.5,0.183480772849,0.1,V2max,0.72987294833,0.569249440162,0.569249440165,0.0366961545698,0.302972797363,1.2118911894600002,50.0,1
sample_0,data_set_190,experiment_15,2,0.5,0.106963388989,0.213926777978,-0.5,0.0745405629877,0.1,V3max,1.3711266334999999,0.19901866540999996,0.19901866524099998,0.0149081125975,0.106963388882,0.427853555956,-50.0,1
sample_0,data_set_190,experiment_17,2,1.5,0.302972797366,0.605945594731,0.5,0.183480772849,0.1,V2max,0.72987294833,0.569249440162,0.569249440165,0.0366961545698,0.302972797363,1.2118911894600002,50.0,1
sample_0,data_set_191,experiment_16,1,1.1,0.42154216511799997,0.843084330237,0.1,0.583337459028,0.1,V2max,0.570891312802,0.726416839196,0.726416839427,0.116667491806,0.421542164492,1.6861686604700001,10.0,1
sample_0,data_set_191,experiment_17,2,1.5,0.302972797366,0.605945594731,0.5,0.183480772849,0.1,V2max,0.72987294833,0.569249440162,0.569249440165,0.0366961545698,0.302972797363,1.2118911894600002,50.0,1
sample_0,data_set_192,experiment_17,2,1.5,0.302972797366,0.605945594731,0.5,0.183480772849,0.1,V2max,0.72987294833,0.569249440162,0.569249440165,0.0366961545698,0.302972797363,1.2118911894600002,50.0,1
sample_0,data_set_192,experiment_18,2,2.0,0.18792211894900002,0.37584423789800003,1.0,0.0664254493599,0.1,V2max,0.9913785664560001,0.362559147985,0.362559147996,0.013285089872000002,0.187922118948,0.7516884757960001,100.0,1
sample_0,data_set_193,experiment_17,2,1.5,0.302972797366,0.605945594731,0.5,0.183480772849,0.1,V2max,0.72987294833,0.569249440162,0.569249440165,0.0366961545698,0.302972797363,1.2118911894600002,50.0,1
sample_0,data_set_193,experiment_19,1,0.9,0.565044782689,1.1300895653799998,-0.1,1.7948770537099998,0.1,V2max,0.437854475204,0.771114154637,0.771114154636,0.35897541074199996,0.5650447826899999,2.26017913075,-10.0,1
sample_0,data_set_194,experiment_17,2,1.5,0.302972797366,0.605945594731,0.5,0.183480772849,0.1,V2max,0.72987294833,0.569249440162,0.569249440165,0.0366961545698,0.302972797363,1.2118911894600002,50.0,1
sample_0,data_set_194,experiment_20,1,0.5,1.05272814787,2.10545629574,-0.5,8.11639328403,0.1,V2max,0.0953576863723,0.48217763893200005,0.482177638943,1.62327865681,1.05272814786,4.21091259148,-50.0,1
sample_0,data_set_195,experiment_0,1,0.1,0.472479613981,0.944959227962,0.0,0.937205692419,0.1,wt,0.518602846213,0.757518089483,0.757518089484,0.187441138484,0.472479613979,1.8899184559200002,0.0,1
sample_0,data_set_195,experiment_18,2,2.0,0.18792211894900002,0.37584423789800003,1.0,0.0664254493599,0.1,V2max,0.9913785664560001,0.362559147985,0.362559147996,0.013285089872000002,0.187922118948,0.7516884757960001,100.0,1
sample_0,data_set_196,experiment_1,1,0.2,0.381684028023,1.0178240747299998,1.0,1.1346623119900001,0.2,ac,0.617331216579,0.790891558598,0.790891569417,0.226932462399,0.38168407794200004,1.5267361120899998,100.0,1
sample_0,data_set_196,experiment_18,2,2.0,0.18792211894900002,0.37584423789800003,1.0,0.0664254493599,0.1,V2max,0.9913785664560001,0.362559147985,0.362559147996,0.013285089872000002,0.187922118948,0.7516884757960001,100.0,1
sample_0,data_set_197,experiment_2,1,0.5,0.321730137626,1.07243379209,4.0,1.2997897537899998,0.5,ac,0.6998933606540001,0.8124753585340001,0.812475138488,0.259957950757,0.321730005848,1.28692055051,400.0,1
sample_0,data_set_197,experiment_18,2,2.0,0.18792211894900002,0.37584423789800003,1.0,0.0664254493599,0.1,V2max,0.9913785664560001,0.362559147985,0.362559147996,0.013285089872000002,0.187922118948,0.7516884757960001,100.0,1
sample_0,data_set_198,experiment_3,1,1.0,0.300718402159,1.0935214624,9.0,1.36727293944,1.0,ac,0.733637773935,0.8200654536499999,0.82006562853,0.27345458788800003,0.300719140626,1.20287360864,900.0,1
sample_0,data_set_198,experiment_18,2,2.0,0.18792211894900002,0.37584423789800003,1.0,0.0664254493599,0.1,V2max,0.9913785664560001,0.362559147985,0.362559147996,0.013285089872000002,0.187922118948,0.7516884757960001,100.0,1
sample_0,data_set_199,experiment_4,1,0.09,0.491239752307,0.930770057003,-0.1,0.901887366215,0.09,ac,0.500943683077,0.750392583837,0.750392583829,0.180377473243,0.491239752246,1.9649590092299998,-10.0,1
sample_0,data_set_199,experiment_18,2,2.0,0.18792211894900002,0.37584423789800003,1.0,0.0664254493599,0.1,V2max,0.9913785664560001,0.362559147985,0.362559147996,0.013285089872000002,0.187922118948,0.7516884757960001,100.0,1
sample_0,data_set_200,experiment_5,1,0.05,0.624467314919,0.832623086558,-0.5,0.685376387361,0.05,ac,0.39268819367299995,0.695547809093,0.6955478090899999,0.137075277472,0.624467314925,2.4978692596700003,-50.0,1
sample_0,data_set_200,experiment_18,2,2.0,0.18792211894900002,0.37584423789800003,1.0,0.0664254493599,0.1,V2max,0.9913785664560001,0.362559147985,0.362559147996,0.013285089872000002,0.187922118948,0.7516884757960001,100.0,1
sample_0,data_set_201,experiment_11,1,1.1,0.575167417005,1.1503348340100001,0.1,1.5586929067,0.1,V3max,0.42985874918899997,0.8385962528190001,0.838596252788,0.31173858134,0.575167417108,2.3006696680200003,10.0,1
sample_0,data_set_201,experiment_18,2,2.0,0.18792211894900002,0.37584423789800003,1.0,0.0664254493599,0.1,V2max,0.9913785664560001,0.362559147985,0.362559147996,0.013285089872000002,0.187922118948,0.7516884757960001,100.0,1
sample_0,data_set_202,experiment_12,1,1.5,0.950895518322,1.9017910366400002,0.5,4.802905372480001,0.1,V3max,0.17819333754099997,0.941209962149,0.941209962149,0.9605810744959999,0.950895518322,3.80358207329,50.0,1
sample_0,data_set_202,experiment_18,2,2.0,0.18792211894900002,0.37584423789800003,1.0,0.0664254493599,0.1,V2max,0.9913785664560001,0.362559147985,0.362559147996,0.013285089872000002,0.187922118948,0.7516884757960001,100.0,1
sample_0,data_set_203,experiment_13,1,2.0,1.05434535326,2.10869070652,1.0,5.78976832171,0.1,V3max,0.0936404652836,0.950737042174,0.950737042174,1.15795366434,1.05434535326,4.21738141303,100.0,1
sample_0,data_set_203,experiment_18,2,2.0,0.18792211894900002,0.37584423789800003,1.0,0.0664254493599,0.1,V2max,0.9913785664560001,0.362559147985,0.362559147996,0.013285089872000002,0.187922118948,0.7516884757960001,100.0,1
sample_0,data_set_204,experiment_14,2,0.9,0.388035748983,0.776071497966,-0.1,0.581671478017,0.1,V3max,0.609544951352,0.659737206567,0.659737210183,0.116334295603,0.38803574891099996,1.55214299593,-10.0,1
sample_0,data_set_204,experiment_18,2,2.0,0.18792211894900002,0.37584423789800003,1.0,0.0664254493599,0.1,V2max,0.9913785664560001,0.362559147985,0.362559147996,0.013285089872000002,0.187922118948,0.7516884757960001,100.0,1
sample_0,data_set_205,experiment_15,2,0.5,0.106963388989,0.213926777978,-0.5,0.0745405629877,0.1,V3max,1.3711266334999999,0.19901866540999996,0.19901866524099998,0.0149081125975,0.106963388882,0.427853555956,-50.0,1
sample_0,data_set_205,experiment_18,2,2.0,0.18792211894900002,0.37584423789800003,1.0,0.0664254493599,0.1,V2max,0.9913785664560001,0.362559147985,0.362559147996,0.013285089872000002,0.187922118948,0.7516884757960001,100.0,1
sample_0,data_set_206,experiment_16,1,1.1,0.42154216511799997,0.843084330237,0.1,0.583337459028,0.1,V2max,0.570891312802,0.726416839196,0.726416839427,0.116667491806,0.421542164492,1.6861686604700001,10.0,1
sample_0,data_set_206,experiment_18,2,2.0,0.18792211894900002,0.37584423789800003,1.0,0.0664254493599,0.1,V2max,0.9913785664560001,0.362559147985,0.362559147996,0.013285089872000002,0.187922118948,0.7516884757960001,100.0,1
sample_0,data_set_207,experiment_17,2,1.5,0.302972797366,0.605945594731,0.5,0.183480772849,0.1,V2max,0.72987294833,0.569249440162,0.569249440165,0.0366961545698,0.302972797363,1.2118911894600002,50.0,1
sample_0,data_set_207,experiment_18,2,2.0,0.18792211894900002,0.37584423789800003,1.0,0.0664254493599,0.1,V2max,0.9913785664560001,0.362559147985,0.362559147996,0.013285089872000002,0.187922118948,0.7516884757960001,100.0,1
sample_0,data_set_208,experiment_18,2,2.0,0.18792211894900002,0.37584423789800003,1.0,0.0664254493599,0.1,V2max,0.9913785664560001,0.362559147985,0.362559147996,0.013285089872000002,0.187922118948,0.7516884757960001,100.0,1
sample_0,data_set_208,experiment_19,1,0.9,0.565044782689,1.1300895653799998,-0.1,1.7948770537099998,0.1,V2max,0.437854475204,0.771114154637,0.771114154636,0.35897541074199996,0.5650447826899999,2.26017913075,-10.0,1
sample_0,data_set_209,experiment_18,2,2.0,0.18792211894900002,0.37584423789800003,1.0,0.0664254493599,0.1,V2max,0.9913785664560001,0.362559147985,0.362559147996,0.013285089872000002,0.187922118948,0.7516884757960001,100.0,1
sample_0,data_set_209,experiment_20,1,0.5,1.05272814787,2.10545629574,-0.5,8.11639328403,0.1,V2max,0.0953576863723,0.48217763893200005,0.482177638943,1.62327865681,1.05272814786,4.21091259148,-50.0,1
sample_0,data_set_210,experiment_0,1,0.1,0.472479613981,0.944959227962,0.0,0.937205692419,0.1,wt,0.518602846213,0.757518089483,0.757518089484,0.187441138484,0.472479613979,1.8899184559200002,0.0,1
sample_0,data_set_210,experiment_19,1,0.9,0.565044782689,1.1300895653799998,-0.1,1.7948770537099998,0.1,V2max,0.437854475204,0.771114154637,0.771114154636,0.35897541074199996,0.5650447826899999,2.26017913075,-10.0,1
sample_0,data_set_211,experiment_1,1,0.2,0.381684028023,1.0178240747299998,1.0,1.1346623119900001,0.2,ac,0.617331216579,0.790891558598,0.790891569417,0.226932462399,0.38168407794200004,1.5267361120899998,100.0,1
sample_0,data_set_211,experiment_19,1,0.9,0.565044782689,1.1300895653799998,-0.1,1.7948770537099998,0.1,V2max,0.437854475204,0.771114154637,0.771114154636,0.35897541074199996,0.5650447826899999,2.26017913075,-10.0,1
sample_0,data_set_212,experiment_2,1,0.5,0.321730137626,1.07243379209,4.0,1.2997897537899998,0.5,ac,0.6998933606540001,0.8124753585340001,0.812475138488,0.259957950757,0.321730005848,1.28692055051,400.0,1
sample_0,data_set_212,experiment_19,1,0.9,0.565044782689,1.1300895653799998,-0.1,1.7948770537099998,0.1,V2max,0.437854475204,0.771114154637,0.771114154636,0.35897541074199996,0.5650447826899999,2.26017913075,-10.0,1
sample_0,data_set_213,experiment_3,1,1.0,0.300718402159,1.0935214624,9.0,1.36727293944,1.0,ac,0.733637773935,0.8200654536499999,0.82006562853,0.27345458788800003,0.300719140626,1.20287360864,900.0,1
sample_0,data_set_213,experiment_19,1,0.9,0.565044782689,1.1300895653799998,-0.1,1.7948770537099998,0.1,V2max,0.437854475204,0.771114154637,0.771114154636,0.35897541074199996,0.5650447826899999,2.26017913075,-10.0,1
sample_0,data_set_214,experiment_4,1,0.09,0.491239752307,0.930770057003,-0.1,0.901887366215,0.09,ac,0.500943683077,0.750392583837,0.750392583829,0.180377473243,0.491239752246,1.9649590092299998,-10.0,1
sample_0,data_set_214,experiment_19,1,0.9,0.565044782689,1.1300895653799998,-0.1,1.7948770537099998,0.1,V2max,0.437854475204,0.771114154637,0.771114154636,0.35897541074199996,0.5650447826899999,2.26017913075,-10.0,1
sample_0,data_set_215,experiment_5,1,0.05,0.624467314919,0.832623086558,-0.5,0.685376387361,0.05,ac,0.39268819367299995,0.695547809093,0.6955478090899999,0.137075277472,0.624467314925,2.4978692596700003,-50.0,1
sample_0,data_set_215,experiment_19,1,0.9,0.565044782689,1.1300895653799998,-0.1,1.7948770537099998,0.1,V2max,0.437854475204,0.771114154637,0.771114154636,0.35897541074199996,0.5650447826899999,2.26017913075,-10.0,1
sample_0,data_set_216,experiment_11,1,1.1,0.575167417005,1.1503348340100001,0.1,1.5586929067,0.1,V3max,0.42985874918899997,0.8385962528190001,0.838596252788,0.31173858134,0.575167417108,2.3006696680200003,10.0,1
sample_0,data_set_216,experiment_19,1,0.9,0.565044782689,1.1300895653799998,-0.1,1.7948770537099998,0.1,V2max,0.437854475204,0.771114154637,0.771114154636,0.35897541074199996,0.5650447826899999,2.26017913075,-10.0,1
sample_0,data_set_217,experiment_12,1,1.5,0.950895518322,1.9017910366400002,0.5,4.802905372480001,0.1,V3max,0.17819333754099997,0.941209962149,0.941209962149,0.9605810744959999,0.950895518322,3.80358207329,50.0,1
sample_0,data_set_217,experiment_19,1,0.9,0.565044782689,1.1300895653799998,-0.1,1.7948770537099998,0.1,V2max,0.437854475204,0.771114154637,0.771114154636,0.35897541074199996,0.5650447826899999,2.26017913075,-10.0,1
sample_0,data_set_218,experiment_13,1,2.0,1.05434535326,2.10869070652,1.0,5.78976832171,0.1,V3max,0.0936404652836,0.950737042174,0.950737042174,1.15795366434,1.05434535326,4.21738141303,100.0,1
sample_0,data_set_218,experiment_19,1,0.9,0.565044782689,1.1300895653799998,-0.1,1.7948770537099998,0.1,V2max,0.437854475204,0.771114154637,0.771114154636,0.35897541074199996,0.5650447826899999,2.26017913075,-10.0,1
sample_0,data_set_219,experiment_14,2,0.9,0.388035748983,0.776071497966,-0.1,0.581671478017,0.1,V3max,0.609544951352,0.659737206567,0.659737210183,0.116334295603,0.38803574891099996,1.55214299593,-10.0,1
sample_0,data_set_219,experiment_19,1,0.9,0.565044782689,1.1300895653799998,-0.1,1.7948770537099998,0.1,V2max,0.437854475204,0.771114154637,0.771114154636,0.35897541074199996,0.5650447826899999,2.26017913075,-10.0,1
sample_0,data_set_220,experiment_15,2,0.5,0.106963388989,0.213926777978,-0.5,0.0745405629877,0.1,V3max,1.3711266334999999,0.19901866540999996,0.19901866524099998,0.0149081125975,0.106963388882,0.427853555956,-50.0,1
sample_0,data_set_220,experiment_19,1,0.9,0.565044782689,1.1300895653799998,-0.1,1.7948770537099998,0.1,V2max,0.437854475204,0.771114154637,0.771114154636,0.35897541074199996,0.5650447826899999,2.26017913075,-10.0,1
sample_0,data_set_221,experiment_16,1,1.1,0.42154216511799997,0.843084330237,0.1,0.583337459028,0.1,V2max,0.570891312802,0.726416839196,0.726416839427,0.116667491806,0.421542164492,1.6861686604700001,10.0,1
sample_0,data_set_221,experiment_19,1,0.9,0.565044782689,1.1300895653799998,-0.1,1.7948770537099998,0.1,V2max,0.437854475204,0.771114154637,0.771114154636,0.35897541074199996,0.5650447826899999,2.26017913075,-10.0,1
sample_0,data_set_222,experiment_17,2,1.5,0.302972797366,0.605945594731,0.5,0.183480772849,0.1,V2max,0.72987294833,0.569249440162,0.569249440165,0.0366961545698,0.302972797363,1.2118911894600002,50.0,1
sample_0,data_set_222,experiment_19,1,0.9,0.565044782689,1.1300895653799998,-0.1,1.7948770537099998,0.1,V2max,0.437854475204,0.771114154637,0.771114154636,0.35897541074199996,0.5650447826899999,2.26017913075,-10.0,1
sample_0,data_set_223,experiment_18,2,2.0,0.18792211894900002,0.37584423789800003,1.0,0.0664254493599,0.1,V2max,0.9913785664560001,0.362559147985,0.362559147996,0.013285089872000002,0.187922118948,0.7516884757960001,100.0,1
sample_0,data_set_223,experiment_19,1,0.9,0.565044782689,1.1300895653799998,-0.1,1.7948770537099998,0.1,V2max,0.437854475204,0.771114154637,0.771114154636,0.35897541074199996,0.5650447826899999,2.26017913075,-10.0,1
sample_0,data_set_224,experiment_19,1,0.9,0.565044782689,1.1300895653799998,-0.1,1.7948770537099998,0.1,V2max,0.437854475204,0.771114154637,0.771114154636,0.35897541074199996,0.5650447826899999,2.26017913075,-10.0,1
sample_0,data_set_224,experiment_20,1,0.5,1.05272814787,2.10545629574,-0.5,8.11639328403,0.1,V2max,0.0953576863723,0.48217763893200005,0.482177638943,1.62327865681,1.05272814786,4.21091259148,-50.0,1
sample_0,data_set_225,experiment_0,1,0.1,0.472479613981,0.944959227962,0.0,0.937205692419,0.1,wt,0.518602846213,0.757518089483,0.757518089484,0.187441138484,0.472479613979,1.8899184559200002,0.0,1
sample_0,data_set_225,experiment_20,1,0.5,1.05272814787,2.10545629574,-0.5,8.11639328403,0.1,V2max,0.0953576863723,0.48217763893200005,0.482177638943,1.62327865681,1.05272814786,4.21091259148,-50.0,1
sample_0,data_set_226,experiment_1,1,0.2,0.381684028023,1.0178240747299998,1.0,1.1346623119900001,0.2,ac,0.617331216579,0.790891558598,0.790891569417,0.226932462399,0.38168407794200004,1.5267361120899998,100.0,1
sample_0,data_set_226,experiment_20,1,0.5,1.05272814787,2.10545629574,-0.5,8.11639328403,0.1,V2max,0.0953576863723,0.48217763893200005,0.482177638943,1.62327865681,1.05272814786,4.21091259148,-50.0,1
sample_0,data_set_227,experiment_2,1,0.5,0.321730137626,1.07243379209,4.0,1.2997897537899998,0.5,ac,0.6998933606540001,0.8124753585340001,0.812475138488,0.259957950757,0.321730005848,1.28692055051,400.0,1
sample_0,data_set_227,experiment_20,1,0.5,1.05272814787,2.10545629574,-0.5,8.11639328403,0.1,V2max,0.0953576863723,0.48217763893200005,0.482177638943,1.62327865681,1.05272814786,4.21091259148,-50.0,1
sample_0,data_set_228,experiment_3,1,1.0,0.300718402159,1.0935214624,9.0,1.36727293944,1.0,ac,0.733637773935,0.8200654536499999,0.82006562853,0.27345458788800003,0.300719140626,1.20287360864,900.0,1
sample_0,data_set_228,experiment_20,1,0.5,1.05272814787,2.10545629574,-0.5,8.11639328403,0.1,V2max,0.0953576863723,0.48217763893200005,0.482177638943,1.62327865681,1.05272814786,4.21091259148,-50.0,1
sample_0,data_set_229,experiment_4,1,0.09,0.491239752307,0.930770057003,-0.1,0.901887366215,0.09,ac,0.500943683077,0.750392583837,0.750392583829,0.180377473243,0.491239752246,1.9649590092299998,-10.0,1
sample_0,data_set_229,experiment_20,1,0.5,1.05272814787,2.10545629574,-0.5,8.11639328403,0.1,V2max,0.0953576863723,0.48217763893200005,0.482177638943,1.62327865681,1.05272814786,4.21091259148,-50.0,1
sample_0,data_set_230,experiment_5,1,0.05,0.624467314919,0.832623086558,-0.5,0.685376387361,0.05,ac,0.39268819367299995,0.695547809093,0.6955478090899999,0.137075277472,0.624467314925,2.4978692596700003,-50.0,1
sample_0,data_set_230,experiment_20,1,0.5,1.05272814787,2.10545629574,-0.5,8.11639328403,0.1,V2max,0.0953576863723,0.48217763893200005,0.482177638943,1.62327865681,1.05272814786,4.21091259148,-50.0,1
sample_0,data_set_231,experiment_11,1,1.1,0.575167417005,1.1503348340100001,0.1,1.5586929067,0.1,V3max,0.42985874918899997,0.8385962528190001,0.838596252788,0.31173858134,0.575167417108,2.3006696680200003,10.0,1
sample_0,data_set_231,experiment_20,1,0.5,1.05272814787,2.10545629574,-0.5,8.11639328403,0.1,V2max,0.0953576863723,0.48217763893200005,0.482177638943,1.62327865681,1.05272814786,4.21091259148,-50.0,1
sample_0,data_set_232,experiment_12,1,1.5,0.950895518322,1.9017910366400002,0.5,4.802905372480001,0.1,V3max,0.17819333754099997,0.941209962149,0.941209962149,0.9605810744959999,0.950895518322,3.80358207329,50.0,1
sample_0,data_set_232,experiment_20,1,0.5,1.05272814787,2.10545629574,-0.5,8.11639328403,0.1,V2max,0.0953576863723,0.48217763893200005,0.482177638943,1.62327865681,1.05272814786,4.21091259148,-50.0,1
sample_0,data_set_233,experiment_13,1,2.0,1.05434535326,2.10869070652,1.0,5.78976832171,0.1,V3max,0.0936404652836,0.950737042174,0.950737042174,1.15795366434,1.05434535326,4.21738141303,100.0,1
sample_0,data_set_233,experiment_20,1,0.5,1.05272814787,2.10545629574,-0.5,8.11639328403,0.1,V2max,0.0953576863723,0.48217763893200005,0.482177638943,1.62327865681,1.05272814786,4.21091259148,-50.0,1
sample_0,data_set_234,experiment_14,2,0.9,0.388035748983,0.776071497966,-0.1,0.581671478017,0.1,V3max,0.609544951352,0.659737206567,0.659737210183,0.116334295603,0.38803574891099996,1.55214299593,-10.0,1
sample_0,data_set_234,experiment_20,1,0.5,1.05272814787,2.10545629574,-0.5,8.11639328403,0.1,V2max,0.0953576863723,0.48217763893200005,0.482177638943,1.62327865681,1.05272814786,4.21091259148,-50.0,1
sample_0,data_set_235,experiment_15,2,0.5,0.106963388989,0.213926777978,-0.5,0.0745405629877,0.1,V3max,1.3711266334999999,0.19901866540999996,0.19901866524099998,0.0149081125975,0.106963388882,0.427853555956,-50.0,1
sample_0,data_set_235,experiment_20,1,0.5,1.05272814787,2.10545629574,-0.5,8.11639328403,0.1,V2max,0.0953576863723,0.48217763893200005,0.482177638943,1.62327865681,1.05272814786,4.21091259148,-50.0,1
sample_0,data_set_236,experiment_16,1,1.1,0.42154216511799997,0.843084330237,0.1,0.583337459028,0.1,V2max,0.570891312802,0.726416839196,0.726416839427,0.116667491806,0.421542164492,1.6861686604700001,10.0,1
sample_0,data_set_236,experiment_20,1,0.5,1.05272814787,2.10545629574,-0.5,8.11639328403,0.1,V2max,0.0953576863723,0.48217763893200005,0.482177638943,1.62327865681,1.05272814786,4.21091259148,-50.0,1
sample_0,data_set_237,experiment_17,2,1.5,0.302972797366,0.605945594731,0.5,0.183480772849,0.1,V2max,0.72987294833,0.569249440162,0.569249440165,0.0366961545698,0.302972797363,1.2118911894600002,50.0,1
sample_0,data_set_237,experiment_20,1,0.5,1.05272814787,2.10545629574,-0.5,8.11639328403,0.1,V2max,0.0953576863723,0.48217763893200005,0.482177638943,1.62327865681,1.05272814786,4.21091259148,-50.0,1
sample_0,data_set_238,experiment_18,2,2.0,0.18792211894900002,0.37584423789800003,1.0,0.0664254493599,0.1,V2max,0.9913785664560001,0.362559147985,0.362559147996,0.013285089872000002,0.187922118948,0.7516884757960001,100.0,1
sample_0,data_set_238,experiment_20,1,0.5,1.05272814787,2.10545629574,-0.5,8.11639328403,0.1,V2max,0.0953576863723,0.48217763893200005,0.482177638943,1.62327865681,1.05272814786,4.21091259148,-50.0,1
sample_0,data_set_239,experiment_19,1,0.9,0.565044782689,1.1300895653799998,-0.1,1.7948770537099998,0.1,V2max,0.437854475204,0.771114154637,0.771114154636,0.35897541074199996,0.5650447826899999,2.26017913075,-10.0,1
sample_0,data_set_239,experiment_20,1,0.5,1.05272814787,2.10545629574,-0.5,8.11639328403,0.1,V2max,0.0953576863723,0.48217763893200005,0.482177638943,1.62327865681,1.05272814786,4.21091259148,-50.0,1
