sample_name,data_set_id,experiment_id,final_ss,parameter_value,v6,v1,parameter_change,pep,acetate,parameter_name,fdp,v2,v3,v4,v5,E,parameter_change_percentage,initial_ss
sample_0,data_set_0,experiment_0,2,0.1,0.0607357607357,0.121471521471,0.0,0.0385122231262,0.1,wt,1.86145811194,0.113769076846,0.113769076846,0.00770244462524,0.0607357607357,0.242943042943,0.0,2
sample_0,data_set_0,experiment_1,2,0.2,0.0638976219894,0.170393658638,1.0,0.0567377510139,0.2,ac,1.81205552469,0.159046108388,0.159046108367,0.0113475502028,0.06389762199,0.255590487958,100.0,2
sample_0,data_set_1,experiment_0,2,0.1,0.0607357607357,0.121471521471,0.0,0.0385122231262,0.1,wt,1.86145811194,0.113769076846,0.113769076846,0.00770244462524,0.0607357607357,0.242943042943,0.0,2
sample_0,data_set_1,experiment_2,2,0.5,0.0733213112284,0.244404370761,4.0,0.0880001125402,0.5,ac,1.68389370774,0.226804347978,0.226804349128,0.017600022508,0.0733213118011,0.293285244914,400.0,2
sample_0,data_set_2,experiment_0,2,0.1,0.0607357607357,0.121471521471,0.0,0.0385122231262,0.1,wt,1.86145811194,0.113769076846,0.113769076846,0.00770244462524,0.0607357607357,0.242943042943,0.0,2
sample_0,data_set_2,experiment_3,2,1.0,0.0853862038149,0.3104952866,9.0,0.120411016133,1.0,ac,1.55119491705,0.286412609357,0.286414611409,0.0240822032267,0.0853871720768,0.341544815259,900.0,2
sample_0,data_set_3,experiment_0,2,0.1,0.0607357607357,0.121471521471,0.0,0.0385122231262,0.1,wt,1.86145811194,0.113769076846,0.113769076846,0.00770244462524,0.0607357607357,0.242943042943,0.0,2
sample_0,data_set_3,experiment_4,2,0.09,0.0605849681276,0.114792571189,-0.1,0.0361574591404,0.09,ac,1.86390841272,0.107561079361,0.107561079361,0.00723149182808,0.0605849681276,0.24233987251,-10.0,2
sample_0,data_set_4,experiment_0,2,0.1,0.0607357607357,0.121471521471,0.0,0.0385122231262,0.1,wt,1.86145811194,0.113769076846,0.113769076846,0.00770244462524,0.0607357607357,0.242943042943,0.0,2
sample_0,data_set_4,experiment_5,2,0.05,0.0614524632478,0.0819366176638,-0.5,0.0250044539076,0.05,ac,1.84993323977,0.0769357269015,0.0769357268976,0.00500089078152,0.0614524632479,0.245809852991,-50.0,2
sample_0,data_set_5,experiment_0,2,0.1,0.0607357607357,0.121471521471,0.0,0.0385122231262,0.1,wt,1.86145811194,0.113769076846,0.113769076846,0.00770244462524,0.0607357607357,0.242943042943,0.0,2
sample_0,data_set_5,experiment_11,2,1.1,0.0643131981201,0.12862639624,0.1,0.0410690039957,0.1,V3max,1.80582924286,0.120412595441,0.120412595441,0.00821380079913,0.0643131981201,0.257252792481,10.0,2
sample_0,data_set_6,experiment_0,2,0.1,0.0607357607357,0.121471521471,0.0,0.0385122231262,0.1,wt,1.86145811194,0.113769076846,0.113769076846,0.00770244462524,0.0607357607357,0.242943042943,0.0,2
sample_0,data_set_6,experiment_12,2,1.5,0.0787248415658,0.157449683132,0.5,0.0517416745519,0.1,V3max,1.62079467152,0.14710134822,0.14710134822,0.0103483349104,0.0787248415658,0.314899366263,50.0,2
sample_0,data_set_7,experiment_0,2,0.1,0.0607357607357,0.121471521471,0.0,0.0385122231262,0.1,wt,1.86145811194,0.113769076846,0.113769076846,0.00770244462524,0.0607357607357,0.242943042943,0.0,2
sample_0,data_set_7,experiment_13,2,2.0,0.0986471946397,0.197294389279,1.0,0.0675499463641,0.1,V3max,1.43371788732,0.183784400004,0.183784400012,0.0135099892728,0.0986471946471,0.394588778559,100.0,2
sample_0,data_set_8,experiment_0,2,0.1,0.0607357607357,0.121471521471,0.0,0.0385122231262,0.1,wt,1.86145811194,0.113769076846,0.113769076846,0.00770244462524,0.0607357607357,0.242943042943,0.0,2
sample_0,data_set_8,experiment_14,2,0.9,0.0571230723236,0.114246144647,-0.1,0.0359661558119,0.1,V3max,1.92275196845,0.107052913485,0.107052913485,0.00719323116239,0.0571230723236,0.228492289294,-10.0,2
sample_0,data_set_9,experiment_0,2,0.1,0.0607357607357,0.121471521471,0.0,0.0385122231262,0.1,wt,1.86145811194,0.113769076846,0.113769076846,0.00770244462524,0.0607357607357,0.242943042943,0.0,2
sample_0,data_set_9,experiment_15,2,0.5,0.0416183230096,0.0832366460191,-0.5,0.0254325986789,0.1,V3max,2.26929722372,0.0781501262692,0.0781501262728,0.00508651973577,0.0416183230095,0.166473292038,-50.0,2
sample_0,data_set_10,experiment_0,2,0.1,0.0607357607357,0.121471521471,0.0,0.0385122231262,0.1,wt,1.86145811194,0.113769076846,0.113769076846,0.00770244462524,0.0607357607357,0.242943042943,0.0,2
sample_0,data_set_10,experiment_16,2,1.1,0.057435561185,0.11487112237,0.1,0.0327678159995,0.1,V2max,1.91722698497,0.10831755917,0.10831755917,0.0065535631999,0.057435561185,0.22974224474,10.0,2
sample_0,data_set_11,experiment_0,2,0.1,0.0607357607357,0.121471521471,0.0,0.0385122231262,0.1,wt,1.86145811194,0.113769076846,0.113769076846,0.00770244462524,0.0607357607357,0.242943042943,0.0,2
sample_0,data_set_11,experiment_17,2,1.5,0.050620269802,0.101240539604,0.5,0.0207614450411,0.1,V2max,2.04888046427,0.0970882506082,0.097088250604,0.00415228900821,0.050620269802,0.202481079208,50.0,2
sample_0,data_set_12,experiment_0,2,0.1,0.0607357607357,0.121471521471,0.0,0.0385122231262,0.1,wt,1.86145811194,0.113769076846,0.113769076846,0.00770244462524,0.0607357607357,0.242943042943,0.0,2
sample_0,data_set_12,experiment_18,2,2.0,0.0470218033724,0.0940436067447,1.0,0.0143299275383,0.1,V2max,2.12947508189,0.0911776212371,0.0911776212371,0.00286598550766,0.0470218033724,0.188087213489,100.0,2
sample_0,data_set_13,experiment_0,2,0.1,0.0607357607357,0.121471521471,0.0,0.0385122231262,0.1,wt,1.86145811194,0.113769076846,0.113769076846,0.00770244462524,0.0607357607357,0.242943042943,0.0,2
sample_0,data_set_13,experiment_19,2,0.9,0.0656534709693,0.131306941939,-0.1,0.0470020163611,0.1,V2max,1.78614494502,0.121906538667,0.121906538667,0.00940040327222,0.0656534709693,0.262613883877,-10.0,2
sample_0,data_set_14,experiment_0,2,0.1,0.0607357607357,0.121471521471,0.0,0.0385122231262,0.1,wt,1.86145811194,0.113769076846,0.113769076846,0.00770244462524,0.0607357607357,0.242943042943,0.0,2
sample_0,data_set_14,experiment_20,1,0.5,1.05378878139,2.10757756277,-0.5,8.12688863404,0.1,V2max,0.0942343933402,0.482199835964,0.482199835964,1.62537772681,1.05378878139,4.21515512554,-50.0,2
sample_0,data_set_15,experiment_0,2,0.1,0.0607357607357,0.121471521471,0.0,0.0385122231262,0.1,wt,1.86145811194,0.113769076846,0.113769076846,0.00770244462524,0.0607357607357,0.242943042943,0.0,2
sample_0,data_set_15,experiment_1,2,0.2,0.0638976219894,0.170393658638,1.0,0.0567377510139,0.2,ac,1.81205552469,0.159046108388,0.159046108367,0.0113475502028,0.06389762199,0.255590487958,100.0,2
sample_0,data_set_16,experiment_1,2,0.2,0.0638976219894,0.170393658638,1.0,0.0567377510139,0.2,ac,1.81205552469,0.159046108388,0.159046108367,0.0113475502028,0.06389762199,0.255590487958,100.0,2
sample_0,data_set_16,experiment_2,2,0.5,0.0733213112284,0.244404370761,4.0,0.0880001125402,0.5,ac,1.68389370774,0.226804347978,0.226804349128,0.017600022508,0.0733213118011,0.293285244914,400.0,2
sample_0,data_set_17,experiment_1,2,0.2,0.0638976219894,0.170393658638,1.0,0.0567377510139,0.2,ac,1.81205552469,0.159046108388,0.159046108367,0.0113475502028,0.06389762199,0.255590487958,100.0,2
sample_0,data_set_17,experiment_3,2,1.0,0.0853862038149,0.3104952866,9.0,0.120411016133,1.0,ac,1.55119491705,0.286412609357,0.286414611409,0.0240822032267,0.0853871720768,0.341544815259,900.0,2
sample_0,data_set_18,experiment_1,2,0.2,0.0638976219894,0.170393658638,1.0,0.0567377510139,0.2,ac,1.81205552469,0.159046108388,0.159046108367,0.0113475502028,0.06389762199,0.255590487958,100.0,2
sample_0,data_set_18,experiment_4,2,0.09,0.0605849681276,0.114792571189,-0.1,0.0361574591404,0.09,ac,1.86390841272,0.107561079361,0.107561079361,0.00723149182808,0.0605849681276,0.24233987251,-10.0,2
sample_0,data_set_19,experiment_1,2,0.2,0.0638976219894,0.170393658638,1.0,0.0567377510139,0.2,ac,1.81205552469,0.159046108388,0.159046108367,0.0113475502028,0.06389762199,0.255590487958,100.0,2
sample_0,data_set_19,experiment_5,2,0.05,0.0614524632478,0.0819366176638,-0.5,0.0250044539076,0.05,ac,1.84993323977,0.0769357269015,0.0769357268976,0.00500089078152,0.0614524632479,0.245809852991,-50.0,2
sample_0,data_set_20,experiment_1,2,0.2,0.0638976219894,0.170393658638,1.0,0.0567377510139,0.2,ac,1.81205552469,0.159046108388,0.159046108367,0.0113475502028,0.06389762199,0.255590487958,100.0,2
sample_0,data_set_20,experiment_11,2,1.1,0.0643131981201,0.12862639624,0.1,0.0410690039957,0.1,V3max,1.80582924286,0.120412595441,0.120412595441,0.00821380079913,0.0643131981201,0.257252792481,10.0,2
sample_0,data_set_21,experiment_1,2,0.2,0.0638976219894,0.170393658638,1.0,0.0567377510139,0.2,ac,1.81205552469,0.159046108388,0.159046108367,0.0113475502028,0.06389762199,0.255590487958,100.0,2
sample_0,data_set_21,experiment_12,2,1.5,0.0787248415658,0.157449683132,0.5,0.0517416745519,0.1,V3max,1.62079467152,0.14710134822,0.14710134822,0.0103483349104,0.0787248415658,0.314899366263,50.0,2
sample_0,data_set_22,experiment_1,2,0.2,0.0638976219894,0.170393658638,1.0,0.0567377510139,0.2,ac,1.81205552469,0.159046108388,0.159046108367,0.0113475502028,0.06389762199,0.255590487958,100.0,2
sample_0,data_set_22,experiment_13,2,2.0,0.0986471946397,0.197294389279,1.0,0.0675499463641,0.1,V3max,1.43371788732,0.183784400004,0.183784400012,0.0135099892728,0.0986471946471,0.394588778559,100.0,2
sample_0,data_set_23,experiment_1,2,0.2,0.0638976219894,0.170393658638,1.0,0.0567377510139,0.2,ac,1.81205552469,0.159046108388,0.159046108367,0.0113475502028,0.06389762199,0.255590487958,100.0,2
sample_0,data_set_23,experiment_14,2,0.9,0.0571230723236,0.114246144647,-0.1,0.0359661558119,0.1,V3max,1.92275196845,0.107052913485,0.107052913485,0.00719323116239,0.0571230723236,0.228492289294,-10.0,2
sample_0,data_set_24,experiment_1,2,0.2,0.0638976219894,0.170393658638,1.0,0.0567377510139,0.2,ac,1.81205552469,0.159046108388,0.159046108367,0.0113475502028,0.06389762199,0.255590487958,100.0,2
sample_0,data_set_24,experiment_15,2,0.5,0.0416183230096,0.0832366460191,-0.5,0.0254325986789,0.1,V3max,2.26929722372,0.0781501262692,0.0781501262728,0.00508651973577,0.0416183230095,0.166473292038,-50.0,2
sample_0,data_set_25,experiment_1,2,0.2,0.0638976219894,0.170393658638,1.0,0.0567377510139,0.2,ac,1.81205552469,0.159046108388,0.159046108367,0.0113475502028,0.06389762199,0.255590487958,100.0,2
sample_0,data_set_25,experiment_16,2,1.1,0.057435561185,0.11487112237,0.1,0.0327678159995,0.1,V2max,1.91722698497,0.10831755917,0.10831755917,0.0065535631999,0.057435561185,0.22974224474,10.0,2
sample_0,data_set_26,experiment_1,2,0.2,0.0638976219894,0.170393658638,1.0,0.0567377510139,0.2,ac,1.81205552469,0.159046108388,0.159046108367,0.0113475502028,0.06389762199,0.255590487958,100.0,2
sample_0,data_set_26,experiment_17,2,1.5,0.050620269802,0.101240539604,0.5,0.0207614450411,0.1,V2max,2.04888046427,0.0970882506082,0.097088250604,0.00415228900821,0.050620269802,0.202481079208,50.0,2
sample_0,data_set_27,experiment_1,2,0.2,0.0638976219894,0.170393658638,1.0,0.0567377510139,0.2,ac,1.81205552469,0.159046108388,0.159046108367,0.0113475502028,0.06389762199,0.255590487958,100.0,2
sample_0,data_set_27,experiment_18,2,2.0,0.0470218033724,0.0940436067447,1.0,0.0143299275383,0.1,V2max,2.12947508189,0.0911776212371,0.0911776212371,0.00286598550766,0.0470218033724,0.188087213489,100.0,2
sample_0,data_set_28,experiment_1,2,0.2,0.0638976219894,0.170393658638,1.0,0.0567377510139,0.2,ac,1.81205552469,0.159046108388,0.159046108367,0.0113475502028,0.06389762199,0.255590487958,100.0,2
sample_0,data_set_28,experiment_19,2,0.9,0.0656534709693,0.131306941939,-0.1,0.0470020163611,0.1,V2max,1.78614494502,0.121906538667,0.121906538667,0.00940040327222,0.0656534709693,0.262613883877,-10.0,2
sample_0,data_set_29,experiment_1,2,0.2,0.0638976219894,0.170393658638,1.0,0.0567377510139,0.2,ac,1.81205552469,0.159046108388,0.159046108367,0.0113475502028,0.06389762199,0.255590487958,100.0,2
sample_0,data_set_29,experiment_20,1,0.5,1.05378878139,2.10757756277,-0.5,8.12688863404,0.1,V2max,0.0942343933402,0.482199835964,0.482199835964,1.62537772681,1.05378878139,4.21515512554,-50.0,2
sample_0,data_set_30,experiment_0,2,0.1,0.0607357607357,0.121471521471,0.0,0.0385122231262,0.1,wt,1.86145811194,0.113769076846,0.113769076846,0.00770244462524,0.0607357607357,0.242943042943,0.0,2
sample_0,data_set_30,experiment_2,2,0.5,0.0733213112284,0.244404370761,4.0,0.0880001125402,0.5,ac,1.68389370774,0.226804347978,0.226804349128,0.017600022508,0.0733213118011,0.293285244914,400.0,2
sample_0,data_set_31,experiment_1,2,0.2,0.0638976219894,0.170393658638,1.0,0.0567377510139,0.2,ac,1.81205552469,0.159046108388,0.159046108367,0.0113475502028,0.06389762199,0.255590487958,100.0,2
sample_0,data_set_31,experiment_2,2,0.5,0.0733213112284,0.244404370761,4.0,0.0880001125402,0.5,ac,1.68389370774,0.226804347978,0.226804349128,0.017600022508,0.0733213118011,0.293285244914,400.0,2
sample_0,data_set_32,experiment_2,2,0.5,0.0733213112284,0.244404370761,4.0,0.0880001125402,0.5,ac,1.68389370774,0.226804347978,0.226804349128,0.017600022508,0.0733213118011,0.293285244914,400.0,2
sample_0,data_set_32,experiment_3,2,1.0,0.0853862038149,0.3104952866,9.0,0.120411016133,1.0,ac,1.55119491705,0.286412609357,0.286414611409,0.0240822032267,0.0853871720768,0.341544815259,900.0,2
sample_0,data_set_33,experiment_2,2,0.5,0.0733213112284,0.244404370761,4.0,0.0880001125402,0.5,ac,1.68389370774,0.226804347978,0.226804349128,0.017600022508,0.0733213118011,0.293285244914,400.0,2
sample_0,data_set_33,experiment_4,2,0.09,0.0605849681276,0.114792571189,-0.1,0.0361574591404,0.09,ac,1.86390841272,0.107561079361,0.107561079361,0.00723149182808,0.0605849681276,0.24233987251,-10.0,2
sample_0,data_set_34,experiment_2,2,0.5,0.0733213112284,0.244404370761,4.0,0.0880001125402,0.5,ac,1.68389370774,0.226804347978,0.226804349128,0.017600022508,0.0733213118011,0.293285244914,400.0,2
sample_0,data_set_34,experiment_5,2,0.05,0.0614524632478,0.0819366176638,-0.5,0.0250044539076,0.05,ac,1.84993323977,0.0769357269015,0.0769357268976,0.00500089078152,0.0614524632479,0.245809852991,-50.0,2
sample_0,data_set_35,experiment_2,2,0.5,0.0733213112284,0.244404370761,4.0,0.0880001125402,0.5,ac,1.68389370774,0.226804347978,0.226804349128,0.017600022508,0.0733213118011,0.293285244914,400.0,2
sample_0,data_set_35,experiment_11,2,1.1,0.0643131981201,0.12862639624,0.1,0.0410690039957,0.1,V3max,1.80582924286,0.120412595441,0.120412595441,0.00821380079913,0.0643131981201,0.257252792481,10.0,2
sample_0,data_set_36,experiment_2,2,0.5,0.0733213112284,0.244404370761,4.0,0.0880001125402,0.5,ac,1.68389370774,0.226804347978,0.226804349128,0.017600022508,0.0733213118011,0.293285244914,400.0,2
sample_0,data_set_36,experiment_12,2,1.5,0.0787248415658,0.157449683132,0.5,0.0517416745519,0.1,V3max,1.62079467152,0.14710134822,0.14710134822,0.0103483349104,0.0787248415658,0.314899366263,50.0,2
sample_0,data_set_37,experiment_2,2,0.5,0.0733213112284,0.244404370761,4.0,0.0880001125402,0.5,ac,1.68389370774,0.226804347978,0.226804349128,0.017600022508,0.0733213118011,0.293285244914,400.0,2
sample_0,data_set_37,experiment_13,2,2.0,0.0986471946397,0.197294389279,1.0,0.0675499463641,0.1,V3max,1.43371788732,0.183784400004,0.183784400012,0.0135099892728,0.0986471946471,0.394588778559,100.0,2
sample_0,data_set_38,experiment_2,2,0.5,0.0733213112284,0.244404370761,4.0,0.0880001125402,0.5,ac,1.68389370774,0.226804347978,0.226804349128,0.017600022508,0.0733213118011,0.293285244914,400.0,2
sample_0,data_set_38,experiment_14,2,0.9,0.0571230723236,0.114246144647,-0.1,0.0359661558119,0.1,V3max,1.92275196845,0.107052913485,0.107052913485,0.00719323116239,0.0571230723236,0.228492289294,-10.0,2
sample_0,data_set_39,experiment_2,2,0.5,0.0733213112284,0.244404370761,4.0,0.0880001125402,0.5,ac,1.68389370774,0.226804347978,0.226804349128,0.017600022508,0.0733213118011,0.293285244914,400.0,2
sample_0,data_set_39,experiment_15,2,0.5,0.0416183230096,0.0832366460191,-0.5,0.0254325986789,0.1,V3max,2.26929722372,0.0781501262692,0.0781501262728,0.00508651973577,0.0416183230095,0.166473292038,-50.0,2
sample_0,data_set_40,experiment_2,2,0.5,0.0733213112284,0.244404370761,4.0,0.0880001125402,0.5,ac,1.68389370774,0.226804347978,0.226804349128,0.017600022508,0.0733213118011,0.293285244914,400.0,2
sample_0,data_set_40,experiment_16,2,1.1,0.057435561185,0.11487112237,0.1,0.0327678159995,0.1,V2max,1.91722698497,0.10831755917,0.10831755917,0.0065535631999,0.057435561185,0.22974224474,10.0,2
sample_0,data_set_41,experiment_2,2,0.5,0.0733213112284,0.244404370761,4.0,0.0880001125402,0.5,ac,1.68389370774,0.226804347978,0.226804349128,0.017600022508,0.0733213118011,0.293285244914,400.0,2
sample_0,data_set_41,experiment_17,2,1.5,0.050620269802,0.101240539604,0.5,0.0207614450411,0.1,V2max,2.04888046427,0.0970882506082,0.097088250604,0.00415228900821,0.050620269802,0.202481079208,50.0,2
sample_0,data_set_42,experiment_2,2,0.5,0.0733213112284,0.244404370761,4.0,0.0880001125402,0.5,ac,1.68389370774,0.226804347978,0.226804349128,0.017600022508,0.0733213118011,0.293285244914,400.0,2
sample_0,data_set_42,experiment_18,2,2.0,0.0470218033724,0.0940436067447,1.0,0.0143299275383,0.1,V2max,2.12947508189,0.0911776212371,0.0911776212371,0.00286598550766,0.0470218033724,0.188087213489,100.0,2
sample_0,data_set_43,experiment_2,2,0.5,0.0733213112284,0.244404370761,4.0,0.0880001125402,0.5,ac,1.68389370774,0.226804347978,0.226804349128,0.017600022508,0.0733213118011,0.293285244914,400.0,2
sample_0,data_set_43,experiment_19,2,0.9,0.0656534709693,0.131306941939,-0.1,0.0470020163611,0.1,V2max,1.78614494502,0.121906538667,0.121906538667,0.00940040327222,0.0656534709693,0.262613883877,-10.0,2
sample_0,data_set_44,experiment_2,2,0.5,0.0733213112284,0.244404370761,4.0,0.0880001125402,0.5,ac,1.68389370774,0.226804347978,0.226804349128,0.017600022508,0.0733213118011,0.293285244914,400.0,2
sample_0,data_set_44,experiment_20,1,0.5,1.05378878139,2.10757756277,-0.5,8.12688863404,0.1,V2max,0.0942343933402,0.482199835964,0.482199835964,1.62537772681,1.05378878139,4.21515512554,-50.0,2
sample_0,data_set_45,experiment_0,2,0.1,0.0607357607357,0.121471521471,0.0,0.0385122231262,0.1,wt,1.86145811194,0.113769076846,0.113769076846,0.00770244462524,0.0607357607357,0.242943042943,0.0,2
sample_0,data_set_45,experiment_3,2,1.0,0.0853862038149,0.3104952866,9.0,0.120411016133,1.0,ac,1.55119491705,0.286412609357,0.286414611409,0.0240822032267,0.0853871720768,0.341544815259,900.0,2
sample_0,data_set_46,experiment_1,2,0.2,0.0638976219894,0.170393658638,1.0,0.0567377510139,0.2,ac,1.81205552469,0.159046108388,0.159046108367,0.0113475502028,0.06389762199,0.255590487958,100.0,2
sample_0,data_set_46,experiment_3,2,1.0,0.0853862038149,0.3104952866,9.0,0.120411016133,1.0,ac,1.55119491705,0.286412609357,0.286414611409,0.0240822032267,0.0853871720768,0.341544815259,900.0,2
sample_0,data_set_47,experiment_2,2,0.5,0.0733213112284,0.244404370761,4.0,0.0880001125402,0.5,ac,1.68389370774,0.226804347978,0.226804349128,0.017600022508,0.0733213118011,0.293285244914,400.0,2
sample_0,data_set_47,experiment_3,2,1.0,0.0853862038149,0.3104952866,9.0,0.120411016133,1.0,ac,1.55119491705,0.286412609357,0.286414611409,0.0240822032267,0.0853871720768,0.341544815259,900.0,2
sample_0,data_set_48,experiment_3,2,1.0,0.0853862038149,0.3104952866,9.0,0.120411016133,1.0,ac,1.55119491705,0.286412609357,0.286414611409,0.0240822032267,0.0853871720768,0.341544815259,900.0,2
sample_0,data_set_48,experiment_4,2,0.09,0.0605849681276,0.114792571189,-0.1,0.0361574591404,0.09,ac,1.86390841272,0.107561079361,0.107561079361,0.00723149182808,0.0605849681276,0.24233987251,-10.0,2
sample_0,data_set_49,experiment_3,2,1.0,0.0853862038149,0.3104952866,9.0,0.120411016133,1.0,ac,1.55119491705,0.286412609357,0.286414611409,0.0240822032267,0.0853871720768,0.341544815259,900.0,2
sample_0,data_set_49,experiment_5,2,0.05,0.0614524632478,0.0819366176638,-0.5,0.0250044539076,0.05,ac,1.84993323977,0.0769357269015,0.0769357268976,0.00500089078152,0.0614524632479,0.245809852991,-50.0,2
sample_0,data_set_50,experiment_3,2,1.0,0.0853862038149,0.3104952866,9.0,0.120411016133,1.0,ac,1.55119491705,0.286412609357,0.286414611409,0.0240822032267,0.0853871720768,0.341544815259,900.0,2
sample_0,data_set_50,experiment_11,2,1.1,0.0643131981201,0.12862639624,0.1,0.0410690039957,0.1,V3max,1.80582924286,0.120412595441,0.120412595441,0.00821380079913,0.0643131981201,0.257252792481,10.0,2
sample_0,data_set_51,experiment_3,2,1.0,0.0853862038149,0.3104952866,9.0,0.120411016133,1.0,ac,1.55119491705,0.286412609357,0.286414611409,0.0240822032267,0.0853871720768,0.341544815259,900.0,2
sample_0,data_set_51,experiment_12,2,1.5,0.0787248415658,0.157449683132,0.5,0.0517416745519,0.1,V3max,1.62079467152,0.14710134822,0.14710134822,0.0103483349104,0.0787248415658,0.314899366263,50.0,2
sample_0,data_set_52,experiment_3,2,1.0,0.0853862038149,0.3104952866,9.0,0.120411016133,1.0,ac,1.55119491705,0.286412609357,0.286414611409,0.0240822032267,0.0853871720768,0.341544815259,900.0,2
sample_0,data_set_52,experiment_13,2,2.0,0.0986471946397,0.197294389279,1.0,0.0675499463641,0.1,V3max,1.43371788732,0.183784400004,0.183784400012,0.0135099892728,0.0986471946471,0.394588778559,100.0,2
sample_0,data_set_53,experiment_3,2,1.0,0.0853862038149,0.3104952866,9.0,0.120411016133,1.0,ac,1.55119491705,0.286412609357,0.286414611409,0.0240822032267,0.0853871720768,0.341544815259,900.0,2
sample_0,data_set_53,experiment_14,2,0.9,0.0571230723236,0.114246144647,-0.1,0.0359661558119,0.1,V3max,1.92275196845,0.107052913485,0.107052913485,0.00719323116239,0.0571230723236,0.228492289294,-10.0,2
sample_0,data_set_54,experiment_3,2,1.0,0.0853862038149,0.3104952866,9.0,0.120411016133,1.0,ac,1.55119491705,0.286412609357,0.286414611409,0.0240822032267,0.0853871720768,0.341544815259,900.0,2
sample_0,data_set_54,experiment_15,2,0.5,0.0416183230096,0.0832366460191,-0.5,0.0254325986789,0.1,V3max,2.26929722372,0.0781501262692,0.0781501262728,0.00508651973577,0.0416183230095,0.166473292038,-50.0,2
sample_0,data_set_55,experiment_3,2,1.0,0.0853862038149,0.3104952866,9.0,0.120411016133,1.0,ac,1.55119491705,0.286412609357,0.286414611409,0.0240822032267,0.0853871720768,0.341544815259,900.0,2
sample_0,data_set_55,experiment_16,2,1.1,0.057435561185,0.11487112237,0.1,0.0327678159995,0.1,V2max,1.91722698497,0.10831755917,0.10831755917,0.0065535631999,0.057435561185,0.22974224474,10.0,2
sample_0,data_set_56,experiment_3,2,1.0,0.0853862038149,0.3104952866,9.0,0.120411016133,1.0,ac,1.55119491705,0.286412609357,0.286414611409,0.0240822032267,0.0853871720768,0.341544815259,900.0,2
sample_0,data_set_56,experiment_17,2,1.5,0.050620269802,0.101240539604,0.5,0.0207614450411,0.1,V2max,2.04888046427,0.0970882506082,0.097088250604,0.00415228900821,0.050620269802,0.202481079208,50.0,2
sample_0,data_set_57,experiment_3,2,1.0,0.0853862038149,0.3104952866,9.0,0.120411016133,1.0,ac,1.55119491705,0.286412609357,0.286414611409,0.0240822032267,0.0853871720768,0.341544815259,900.0,2
sample_0,data_set_57,experiment_18,2,2.0,0.0470218033724,0.0940436067447,1.0,0.0143299275383,0.1,V2max,2.12947508189,0.0911776212371,0.0911776212371,0.00286598550766,0.0470218033724,0.188087213489,100.0,2
sample_0,data_set_58,experiment_3,2,1.0,0.0853862038149,0.3104952866,9.0,0.120411016133,1.0,ac,1.55119491705,0.286412609357,0.286414611409,0.0240822032267,0.0853871720768,0.341544815259,900.0,2
sample_0,data_set_58,experiment_19,2,0.9,0.0656534709693,0.131306941939,-0.1,0.0470020163611,0.1,V2max,1.78614494502,0.121906538667,0.121906538667,0.00940040327222,0.0656534709693,0.262613883877,-10.0,2
sample_0,data_set_59,experiment_3,2,1.0,0.0853862038149,0.3104952866,9.0,0.120411016133,1.0,ac,1.55119491705,0.286412609357,0.286414611409,0.0240822032267,0.0853871720768,0.341544815259,900.0,2
sample_0,data_set_59,experiment_20,1,0.5,1.05378878139,2.10757756277,-0.5,8.12688863404,0.1,V2max,0.0942343933402,0.482199835964,0.482199835964,1.62537772681,1.05378878139,4.21515512554,-50.0,2
sample_0,data_set_60,experiment_0,2,0.1,0.0607357607357,0.121471521471,0.0,0.0385122231262,0.1,wt,1.86145811194,0.113769076846,0.113769076846,0.00770244462524,0.0607357607357,0.242943042943,0.0,2
sample_0,data_set_60,experiment_4,2,0.09,0.0605849681276,0.114792571189,-0.1,0.0361574591404,0.09,ac,1.86390841272,0.107561079361,0.107561079361,0.00723149182808,0.0605849681276,0.24233987251,-10.0,2
sample_0,data_set_61,experiment_1,2,0.2,0.0638976219894,0.170393658638,1.0,0.0567377510139,0.2,ac,1.81205552469,0.159046108388,0.159046108367,0.0113475502028,0.06389762199,0.255590487958,100.0,2
sample_0,data_set_61,experiment_4,2,0.09,0.0605849681276,0.114792571189,-0.1,0.0361574591404,0.09,ac,1.86390841272,0.107561079361,0.107561079361,0.00723149182808,0.0605849681276,0.24233987251,-10.0,2
sample_0,data_set_62,experiment_2,2,0.5,0.0733213112284,0.244404370761,4.0,0.0880001125402,0.5,ac,1.68389370774,0.226804347978,0.226804349128,0.017600022508,0.0733213118011,0.293285244914,400.0,2
sample_0,data_set_62,experiment_4,2,0.09,0.0605849681276,0.114792571189,-0.1,0.0361574591404,0.09,ac,1.86390841272,0.107561079361,0.107561079361,0.00723149182808,0.0605849681276,0.24233987251,-10.0,2
sample_0,data_set_63,experiment_3,2,1.0,0.0853862038149,0.3104952866,9.0,0.120411016133,1.0,ac,1.55119491705,0.286412609357,0.286414611409,0.0240822032267,0.0853871720768,0.341544815259,900.0,2
sample_0,data_set_63,experiment_4,2,0.09,0.0605849681276,0.114792571189,-0.1,0.0361574591404,0.09,ac,1.86390841272,0.107561079361,0.107561079361,0.00723149182808,0.0605849681276,0.24233987251,-10.0,2
sample_0,data_set_64,experiment_4,2,0.09,0.0605849681276,0.114792571189,-0.1,0.0361574591404,0.09,ac,1.86390841272,0.107561079361,0.107561079361,0.00723149182808,0.0605849681276,0.24233987251,-10.0,2
sample_0,data_set_64,experiment_5,2,0.05,0.0614524632478,0.0819366176638,-0.5,0.0250044539076,0.05,ac,1.84993323977,0.0769357269015,0.0769357268976,0.00500089078152,0.0614524632479,0.245809852991,-50.0,2
sample_0,data_set_65,experiment_4,2,0.09,0.0605849681276,0.114792571189,-0.1,0.0361574591404,0.09,ac,1.86390841272,0.107561079361,0.107561079361,0.00723149182808,0.0605849681276,0.24233987251,-10.0,2
sample_0,data_set_65,experiment_11,2,1.1,0.0643131981201,0.12862639624,0.1,0.0410690039957,0.1,V3max,1.80582924286,0.120412595441,0.120412595441,0.00821380079913,0.0643131981201,0.257252792481,10.0,2
sample_0,data_set_66,experiment_4,2,0.09,0.0605849681276,0.114792571189,-0.1,0.0361574591404,0.09,ac,1.86390841272,0.107561079361,0.107561079361,0.00723149182808,0.0605849681276,0.24233987251,-10.0,2
sample_0,data_set_66,experiment_12,2,1.5,0.0787248415658,0.157449683132,0.5,0.0517416745519,0.1,V3max,1.62079467152,0.14710134822,0.14710134822,0.0103483349104,0.0787248415658,0.314899366263,50.0,2
sample_0,data_set_67,experiment_4,2,0.09,0.0605849681276,0.114792571189,-0.1,0.0361574591404,0.09,ac,1.86390841272,0.107561079361,0.107561079361,0.00723149182808,0.0605849681276,0.24233987251,-10.0,2
sample_0,data_set_67,experiment_13,2,2.0,0.0986471946397,0.197294389279,1.0,0.0675499463641,0.1,V3max,1.43371788732,0.183784400004,0.183784400012,0.0135099892728,0.0986471946471,0.394588778559,100.0,2
sample_0,data_set_68,experiment_4,2,0.09,0.0605849681276,0.114792571189,-0.1,0.0361574591404,0.09,ac,1.86390841272,0.107561079361,0.107561079361,0.00723149182808,0.0605849681276,0.24233987251,-10.0,2
sample_0,data_set_68,experiment_14,2,0.9,0.0571230723236,0.114246144647,-0.1,0.0359661558119,0.1,V3max,1.92275196845,0.107052913485,0.107052913485,0.00719323116239,0.0571230723236,0.228492289294,-10.0,2
sample_0,data_set_69,experiment_4,2,0.09,0.0605849681276,0.114792571189,-0.1,0.0361574591404,0.09,ac,1.86390841272,0.107561079361,0.107561079361,0.00723149182808,0.0605849681276,0.24233987251,-10.0,2
sample_0,data_set_69,experiment_15,2,0.5,0.0416183230096,0.0832366460191,-0.5,0.0254325986789,0.1,V3max,2.26929722372,0.0781501262692,0.0781501262728,0.00508651973577,0.0416183230095,0.166473292038,-50.0,2
sample_0,data_set_70,experiment_4,2,0.09,0.0605849681276,0.114792571189,-0.1,0.0361574591404,0.09,ac,1.86390841272,0.107561079361,0.107561079361,0.00723149182808,0.0605849681276,0.24233987251,-10.0,2
sample_0,data_set_70,experiment_16,2,1.1,0.057435561185,0.11487112237,0.1,0.0327678159995,0.1,V2max,1.91722698497,0.10831755917,0.10831755917,0.0065535631999,0.057435561185,0.22974224474,10.0,2
sample_0,data_set_71,experiment_4,2,0.09,0.0605849681276,0.114792571189,-0.1,0.0361574591404,0.09,ac,1.86390841272,0.107561079361,0.107561079361,0.00723149182808,0.0605849681276,0.24233987251,-10.0,2
sample_0,data_set_71,experiment_17,2,1.5,0.050620269802,0.101240539604,0.5,0.0207614450411,0.1,V2max,2.04888046427,0.0970882506082,0.097088250604,0.00415228900821,0.050620269802,0.202481079208,50.0,2
sample_0,data_set_72,experiment_4,2,0.09,0.0605849681276,0.114792571189,-0.1,0.0361574591404,0.09,ac,1.86390841272,0.107561079361,0.107561079361,0.00723149182808,0.0605849681276,0.24233987251,-10.0,2
sample_0,data_set_72,experiment_18,2,2.0,0.0470218033724,0.0940436067447,1.0,0.0143299275383,0.1,V2max,2.12947508189,0.0911776212371,0.0911776212371,0.00286598550766,0.0470218033724,0.188087213489,100.0,2
sample_0,data_set_73,experiment_4,2,0.09,0.0605849681276,0.114792571189,-0.1,0.0361574591404,0.09,ac,1.86390841272,0.107561079361,0.107561079361,0.00723149182808,0.0605849681276,0.24233987251,-10.0,2
sample_0,data_set_73,experiment_19,2,0.9,0.0656534709693,0.131306941939,-0.1,0.0470020163611,0.1,V2max,1.78614494502,0.121906538667,0.121906538667,0.00940040327222,0.0656534709693,0.262613883877,-10.0,2
sample_0,data_set_74,experiment_4,2,0.09,0.0605849681276,0.114792571189,-0.1,0.0361574591404,0.09,ac,1.86390841272,0.107561079361,0.107561079361,0.00723149182808,0.0605849681276,0.24233987251,-10.0,2
sample_0,data_set_74,experiment_20,1,0.5,1.05378878139,2.10757756277,-0.5,8.12688863404,0.1,V2max,0.0942343933402,0.482199835964,0.482199835964,1.62537772681,1.05378878139,4.21515512554,-50.0,2
sample_0,data_set_75,experiment_0,2,0.1,0.0607357607357,0.121471521471,0.0,0.0385122231262,0.1,wt,1.86145811194,0.113769076846,0.113769076846,0.00770244462524,0.0607357607357,0.242943042943,0.0,2
sample_0,data_set_75,experiment_5,2,0.05,0.0614524632478,0.0819366176638,-0.5,0.0250044539076,0.05,ac,1.84993323977,0.0769357269015,0.0769357268976,0.00500089078152,0.0614524632479,0.245809852991,-50.0,2
sample_0,data_set_76,experiment_1,2,0.2,0.0638976219894,0.170393658638,1.0,0.0567377510139,0.2,ac,1.81205552469,0.159046108388,0.159046108367,0.0113475502028,0.06389762199,0.255590487958,100.0,2
sample_0,data_set_76,experiment_5,2,0.05,0.0614524632478,0.0819366176638,-0.5,0.0250044539076,0.05,ac,1.84993323977,0.0769357269015,0.0769357268976,0.00500089078152,0.0614524632479,0.245809852991,-50.0,2
sample_0,data_set_77,experiment_2,2,0.5,0.0733213112284,0.244404370761,4.0,0.0880001125402,0.5,ac,1.68389370774,0.226804347978,0.226804349128,0.017600022508,0.0733213118011,0.293285244914,400.0,2
sample_0,data_set_77,experiment_5,2,0.05,0.0614524632478,0.0819366176638,-0.5,0.0250044539076,0.05,ac,1.84993323977,0.0769357269015,0.0769357268976,0.00500089078152,0.0614524632479,0.245809852991,-50.0,2
sample_0,data_set_78,experiment_3,2,1.0,0.0853862038149,0.3104952866,9.0,0.120411016133,1.0,ac,1.55119491705,0.286412609357,0.286414611409,0.0240822032267,0.0853871720768,0.341544815259,900.0,2
sample_0,data_set_78,experiment_5,2,0.05,0.0614524632478,0.0819366176638,-0.5,0.0250044539076,0.05,ac,1.84993323977,0.0769357269015,0.0769357268976,0.00500089078152,0.0614524632479,0.245809852991,-50.0,2
sample_0,data_set_79,experiment_4,2,0.09,0.0605849681276,0.114792571189,-0.1,0.0361574591404,0.09,ac,1.86390841272,0.107561079361,0.107561079361,0.00723149182808,0.0605849681276,0.24233987251,-10.0,2
sample_0,data_set_79,experiment_5,2,0.05,0.0614524632478,0.0819366176638,-0.5,0.0250044539076,0.05,ac,1.84993323977,0.0769357269015,0.0769357268976,0.00500089078152,0.0614524632479,0.245809852991,-50.0,2
sample_0,data_set_80,experiment_5,2,0.05,0.0614524632478,0.0819366176638,-0.5,0.0250044539076,0.05,ac,1.84993323977,0.0769357269015,0.0769357268976,0.00500089078152,0.0614524632479,0.245809852991,-50.0,2
sample_0,data_set_80,experiment_11,2,1.1,0.0643131981201,0.12862639624,0.1,0.0410690039957,0.1,V3max,1.80582924286,0.120412595441,0.120412595441,0.00821380079913,0.0643131981201,0.257252792481,10.0,2
sample_0,data_set_81,experiment_5,2,0.05,0.0614524632478,0.0819366176638,-0.5,0.0250044539076,0.05,ac,1.84993323977,0.0769357269015,0.0769357268976,0.00500089078152,0.0614524632479,0.245809852991,-50.0,2
sample_0,data_set_81,experiment_12,2,1.5,0.0787248415658,0.157449683132,0.5,0.0517416745519,0.1,V3max,1.62079467152,0.14710134822,0.14710134822,0.0103483349104,0.0787248415658,0.314899366263,50.0,2
sample_0,data_set_82,experiment_5,2,0.05,0.0614524632478,0.0819366176638,-0.5,0.0250044539076,0.05,ac,1.84993323977,0.0769357269015,0.0769357268976,0.00500089078152,0.0614524632479,0.245809852991,-50.0,2
sample_0,data_set_82,experiment_13,2,2.0,0.0986471946397,0.197294389279,1.0,0.0675499463641,0.1,V3max,1.43371788732,0.183784400004,0.183784400012,0.0135099892728,0.0986471946471,0.394588778559,100.0,2
sample_0,data_set_83,experiment_5,2,0.05,0.0614524632478,0.0819366176638,-0.5,0.0250044539076,0.05,ac,1.84993323977,0.0769357269015,0.0769357268976,0.00500089078152,0.0614524632479,0.245809852991,-50.0,2
sample_0,data_set_83,experiment_14,2,0.9,0.0571230723236,0.114246144647,-0.1,0.0359661558119,0.1,V3max,1.92275196845,0.107052913485,0.107052913485,0.00719323116239,0.0571230723236,0.228492289294,-10.0,2
sample_0,data_set_84,experiment_5,2,0.05,0.0614524632478,0.0819366176638,-0.5,0.0250044539076,0.05,ac,1.84993323977,0.0769357269015,0.0769357268976,0.00500089078152,0.0614524632479,0.245809852991,-50.0,2
sample_0,data_set_84,experiment_15,2,0.5,0.0416183230096,0.0832366460191,-0.5,0.0254325986789,0.1,V3max,2.26929722372,0.0781501262692,0.0781501262728,0.00508651973577,0.0416183230095,0.166473292038,-50.0,2
sample_0,data_set_85,experiment_5,2,0.05,0.0614524632478,0.0819366176638,-0.5,0.0250044539076,0.05,ac,1.84993323977,0.0769357269015,0.0769357268976,0.00500089078152,0.0614524632479,0.245809852991,-50.0,2
sample_0,data_set_85,experiment_16,2,1.1,0.057435561185,0.11487112237,0.1,0.0327678159995,0.1,V2max,1.91722698497,0.10831755917,0.10831755917,0.0065535631999,0.057435561185,0.22974224474,10.0,2
sample_0,data_set_86,experiment_5,2,0.05,0.0614524632478,0.0819366176638,-0.5,0.0250044539076,0.05,ac,1.84993323977,0.0769357269015,0.0769357268976,0.00500089078152,0.0614524632479,0.245809852991,-50.0,2
sample_0,data_set_86,experiment_17,2,1.5,0.050620269802,0.101240539604,0.5,0.0207614450411,0.1,V2max,2.04888046427,0.0970882506082,0.097088250604,0.00415228900821,0.050620269802,0.202481079208,50.0,2
sample_0,data_set_87,experiment_5,2,0.05,0.0614524632478,0.0819366176638,-0.5,0.0250044539076,0.05,ac,1.84993323977,0.0769357269015,0.0769357268976,0.00500089078152,0.0614524632479,0.245809852991,-50.0,2
sample_0,data_set_87,experiment_18,2,2.0,0.0470218033724,0.0940436067447,1.0,0.0143299275383,0.1,V2max,2.12947508189,0.0911776212371,0.0911776212371,0.00286598550766,0.0470218033724,0.188087213489,100.0,2
sample_0,data_set_88,experiment_5,2,0.05,0.0614524632478,0.0819366176638,-0.5,0.0250044539076,0.05,ac,1.84993323977,0.0769357269015,0.0769357268976,0.00500089078152,0.0614524632479,0.245809852991,-50.0,2
sample_0,data_set_88,experiment_19,2,0.9,0.0656534709693,0.131306941939,-0.1,0.0470020163611,0.1,V2max,1.78614494502,0.121906538667,0.121906538667,0.00940040327222,0.0656534709693,0.262613883877,-10.0,2
sample_0,data_set_89,experiment_5,2,0.05,0.0614524632478,0.0819366176638,-0.5,0.0250044539076,0.05,ac,1.84993323977,0.0769357269015,0.0769357268976,0.00500089078152,0.0614524632479,0.245809852991,-50.0,2
sample_0,data_set_89,experiment_20,1,0.5,1.05378878139,2.10757756277,-0.5,8.12688863404,0.1,V2max,0.0942343933402,0.482199835964,0.482199835964,1.62537772681,1.05378878139,4.21515512554,-50.0,2
sample_0,data_set_90,experiment_0,2,0.1,0.0607357607357,0.121471521471,0.0,0.0385122231262,0.1,wt,1.86145811194,0.113769076846,0.113769076846,0.00770244462524,0.0607357607357,0.242943042943,0.0,2
sample_0,data_set_90,experiment_11,2,1.1,0.0643131981201,0.12862639624,0.1,0.0410690039957,0.1,V3max,1.80582924286,0.120412595441,0.120412595441,0.00821380079913,0.0643131981201,0.257252792481,10.0,2
sample_0,data_set_91,experiment_1,2,0.2,0.0638976219894,0.170393658638,1.0,0.0567377510139,0.2,ac,1.81205552469,0.159046108388,0.159046108367,0.0113475502028,0.06389762199,0.255590487958,100.0,2
sample_0,data_set_91,experiment_11,2,1.1,0.0643131981201,0.12862639624,0.1,0.0410690039957,0.1,V3max,1.80582924286,0.120412595441,0.120412595441,0.00821380079913,0.0643131981201,0.257252792481,10.0,2
sample_0,data_set_92,experiment_2,2,0.5,0.0733213112284,0.244404370761,4.0,0.0880001125402,0.5,ac,1.68389370774,0.226804347978,0.226804349128,0.017600022508,0.0733213118011,0.293285244914,400.0,2
sample_0,data_set_92,experiment_11,2,1.1,0.0643131981201,0.12862639624,0.1,0.0410690039957,0.1,V3max,1.80582924286,0.120412595441,0.120412595441,0.00821380079913,0.0643131981201,0.257252792481,10.0,2
sample_0,data_set_93,experiment_3,2,1.0,0.0853862038149,0.3104952866,9.0,0.120411016133,1.0,ac,1.55119491705,0.286412609357,0.286414611409,0.0240822032267,0.0853871720768,0.341544815259,900.0,2
sample_0,data_set_93,experiment_11,2,1.1,0.0643131981201,0.12862639624,0.1,0.0410690039957,0.1,V3max,1.80582924286,0.120412595441,0.120412595441,0.00821380079913,0.0643131981201,0.257252792481,10.0,2
sample_0,data_set_94,experiment_4,2,0.09,0.0605849681276,0.114792571189,-0.1,0.0361574591404,0.09,ac,1.86390841272,0.107561079361,0.107561079361,0.00723149182808,0.0605849681276,0.24233987251,-10.0,2
sample_0,data_set_94,experiment_11,2,1.1,0.0643131981201,0.12862639624,0.1,0.0410690039957,0.1,V3max,1.80582924286,0.120412595441,0.120412595441,0.00821380079913,0.0643131981201,0.257252792481,10.0,2
sample_0,data_set_95,experiment_5,2,0.05,0.0614524632478,0.0819366176638,-0.5,0.0250044539076,0.05,ac,1.84993323977,0.0769357269015,0.0769357268976,0.00500089078152,0.0614524632479,0.245809852991,-50.0,2
sample_0,data_set_95,experiment_11,2,1.1,0.0643131981201,0.12862639624,0.1,0.0410690039957,0.1,V3max,1.80582924286,0.120412595441,0.120412595441,0.00821380079913,0.0643131981201,0.257252792481,10.0,2
sample_0,data_set_96,experiment_11,2,1.1,0.0643131981201,0.12862639624,0.1,0.0410690039957,0.1,V3max,1.80582924286,0.120412595441,0.120412595441,0.00821380079913,0.0643131981201,0.257252792481,10.0,2
sample_0,data_set_96,experiment_12,2,1.5,0.0787248415658,0.157449683132,0.5,0.0517416745519,0.1,V3max,1.62079467152,0.14710134822,0.14710134822,0.0103483349104,0.0787248415658,0.314899366263,50.0,2
sample_0,data_set_97,experiment_11,2,1.1,0.0643131981201,0.12862639624,0.1,0.0410690039957,0.1,V3max,1.80582924286,0.120412595441,0.120412595441,0.00821380079913,0.0643131981201,0.257252792481,10.0,2
sample_0,data_set_97,experiment_13,2,2.0,0.0986471946397,0.197294389279,1.0,0.0675499463641,0.1,V3max,1.43371788732,0.183784400004,0.183784400012,0.0135099892728,0.0986471946471,0.394588778559,100.0,2
sample_0,data_set_98,experiment_11,2,1.1,0.0643131981201,0.12862639624,0.1,0.0410690039957,0.1,V3max,1.80582924286,0.120412595441,0.120412595441,0.00821380079913,0.0643131981201,0.257252792481,10.0,2
sample_0,data_set_98,experiment_14,2,0.9,0.0571230723236,0.114246144647,-0.1,0.0359661558119,0.1,V3max,1.92275196845,0.107052913485,0.107052913485,0.00719323116239,0.0571230723236,0.228492289294,-10.0,2
sample_0,data_set_99,experiment_11,2,1.1,0.0643131981201,0.12862639624,0.1,0.0410690039957,0.1,V3max,1.80582924286,0.120412595441,0.120412595441,0.00821380079913,0.0643131981201,0.257252792481,10.0,2
sample_0,data_set_99,experiment_15,2,0.5,0.0416183230096,0.0832366460191,-0.5,0.0254325986789,0.1,V3max,2.26929722372,0.0781501262692,0.0781501262728,0.00508651973577,0.0416183230095,0.166473292038,-50.0,2
sample_0,data_set_100,experiment_11,2,1.1,0.0643131981201,0.12862639624,0.1,0.0410690039957,0.1,V3max,1.80582924286,0.120412595441,0.120412595441,0.00821380079913,0.0643131981201,0.257252792481,10.0,2
sample_0,data_set_100,experiment_16,2,1.1,0.057435561185,0.11487112237,0.1,0.0327678159995,0.1,V2max,1.91722698497,0.10831755917,0.10831755917,0.0065535631999,0.057435561185,0.22974224474,10.0,2
sample_0,data_set_101,experiment_11,2,1.1,0.0643131981201,0.12862639624,0.1,0.0410690039957,0.1,V3max,1.80582924286,0.120412595441,0.120412595441,0.00821380079913,0.0643131981201,0.257252792481,10.0,2
sample_0,data_set_101,experiment_17,2,1.5,0.050620269802,0.101240539604,0.5,0.0207614450411,0.1,V2max,2.04888046427,0.0970882506082,0.097088250604,0.00415228900821,0.050620269802,0.202481079208,50.0,2
sample_0,data_set_102,experiment_11,2,1.1,0.0643131981201,0.12862639624,0.1,0.0410690039957,0.1,V3max,1.80582924286,0.120412595441,0.120412595441,0.00821380079913,0.0643131981201,0.257252792481,10.0,2
sample_0,data_set_102,experiment_18,2,2.0,0.0470218033724,0.0940436067447,1.0,0.0143299275383,0.1,V2max,2.12947508189,0.0911776212371,0.0911776212371,0.00286598550766,0.0470218033724,0.188087213489,100.0,2
sample_0,data_set_103,experiment_11,2,1.1,0.0643131981201,0.12862639624,0.1,0.0410690039957,0.1,V3max,1.80582924286,0.120412595441,0.120412595441,0.00821380079913,0.0643131981201,0.257252792481,10.0,2
sample_0,data_set_103,experiment_19,2,0.9,0.0656534709693,0.131306941939,-0.1,0.0470020163611,0.1,V2max,1.78614494502,0.121906538667,0.121906538667,0.00940040327222,0.0656534709693,0.262613883877,-10.0,2
sample_0,data_set_104,experiment_11,2,1.1,0.0643131981201,0.12862639624,0.1,0.0410690039957,0.1,V3max,1.80582924286,0.120412595441,0.120412595441,0.00821380079913,0.0643131981201,0.257252792481,10.0,2
sample_0,data_set_104,experiment_20,1,0.5,1.05378878139,2.10757756277,-0.5,8.12688863404,0.1,V2max,0.0942343933402,0.482199835964,0.482199835964,1.62537772681,1.05378878139,4.21515512554,-50.0,2
sample_0,data_set_105,experiment_0,2,0.1,0.0607357607357,0.121471521471,0.0,0.0385122231262,0.1,wt,1.86145811194,0.113769076846,0.113769076846,0.00770244462524,0.0607357607357,0.242943042943,0.0,2
sample_0,data_set_105,experiment_12,2,1.5,0.0787248415658,0.157449683132,0.5,0.0517416745519,0.1,V3max,1.62079467152,0.14710134822,0.14710134822,0.0103483349104,0.0787248415658,0.314899366263,50.0,2
sample_0,data_set_106,experiment_1,2,0.2,0.0638976219894,0.170393658638,1.0,0.0567377510139,0.2,ac,1.81205552469,0.159046108388,0.159046108367,0.0113475502028,0.06389762199,0.255590487958,100.0,2
sample_0,data_set_106,experiment_12,2,1.5,0.0787248415658,0.157449683132,0.5,0.0517416745519,0.1,V3max,1.62079467152,0.14710134822,0.14710134822,0.0103483349104,0.0787248415658,0.314899366263,50.0,2
sample_0,data_set_107,experiment_2,2,0.5,0.0733213112284,0.244404370761,4.0,0.0880001125402,0.5,ac,1.68389370774,0.226804347978,0.226804349128,0.017600022508,0.0733213118011,0.293285244914,400.0,2
sample_0,data_set_107,experiment_12,2,1.5,0.0787248415658,0.157449683132,0.5,0.0517416745519,0.1,V3max,1.62079467152,0.14710134822,0.14710134822,0.0103483349104,0.0787248415658,0.314899366263,50.0,2
sample_0,data_set_108,experiment_3,2,1.0,0.0853862038149,0.3104952866,9.0,0.120411016133,1.0,ac,1.55119491705,0.286412609357,0.286414611409,0.0240822032267,0.0853871720768,0.341544815259,900.0,2
sample_0,data_set_108,experiment_12,2,1.5,0.0787248415658,0.157449683132,0.5,0.0517416745519,0.1,V3max,1.62079467152,0.14710134822,0.14710134822,0.0103483349104,0.0787248415658,0.314899366263,50.0,2
sample_0,data_set_109,experiment_4,2,0.09,0.0605849681276,0.114792571189,-0.1,0.0361574591404,0.09,ac,1.86390841272,0.107561079361,0.107561079361,0.00723149182808,0.0605849681276,0.24233987251,-10.0,2
sample_0,data_set_109,experiment_12,2,1.5,0.0787248415658,0.157449683132,0.5,0.0517416745519,0.1,V3max,1.62079467152,0.14710134822,0.14710134822,0.0103483349104,0.0787248415658,0.314899366263,50.0,2
sample_0,data_set_110,experiment_5,2,0.05,0.0614524632478,0.0819366176638,-0.5,0.0250044539076,0.05,ac,1.84993323977,0.0769357269015,0.0769357268976,0.00500089078152,0.0614524632479,0.245809852991,-50.0,2
sample_0,data_set_110,experiment_12,2,1.5,0.0787248415658,0.157449683132,0.5,0.0517416745519,0.1,V3max,1.62079467152,0.14710134822,0.14710134822,0.0103483349104,0.0787248415658,0.314899366263,50.0,2
sample_0,data_set_111,experiment_11,2,1.1,0.0643131981201,0.12862639624,0.1,0.0410690039957,0.1,V3max,1.80582924286,0.120412595441,0.120412595441,0.00821380079913,0.0643131981201,0.257252792481,10.0,2
sample_0,data_set_111,experiment_12,2,1.5,0.0787248415658,0.157449683132,0.5,0.0517416745519,0.1,V3max,1.62079467152,0.14710134822,0.14710134822,0.0103483349104,0.0787248415658,0.314899366263,50.0,2
sample_0,data_set_112,experiment_12,2,1.5,0.0787248415658,0.157449683132,0.5,0.0517416745519,0.1,V3max,1.62079467152,0.14710134822,0.14710134822,0.0103483349104,0.0787248415658,0.314899366263,50.0,2
sample_0,data_set_112,experiment_13,2,2.0,0.0986471946397,0.197294389279,1.0,0.0675499463641,0.1,V3max,1.43371788732,0.183784400004,0.183784400012,0.0135099892728,0.0986471946471,0.394588778559,100.0,2
sample_0,data_set_113,experiment_12,2,1.5,0.0787248415658,0.157449683132,0.5,0.0517416745519,0.1,V3max,1.62079467152,0.14710134822,0.14710134822,0.0103483349104,0.0787248415658,0.314899366263,50.0,2
sample_0,data_set_113,experiment_14,2,0.9,0.0571230723236,0.114246144647,-0.1,0.0359661558119,0.1,V3max,1.92275196845,0.107052913485,0.107052913485,0.00719323116239,0.0571230723236,0.228492289294,-10.0,2
sample_0,data_set_114,experiment_12,2,1.5,0.0787248415658,0.157449683132,0.5,0.0517416745519,0.1,V3max,1.62079467152,0.14710134822,0.14710134822,0.0103483349104,0.0787248415658,0.314899366263,50.0,2
sample_0,data_set_114,experiment_15,2,0.5,0.0416183230096,0.0832366460191,-0.5,0.0254325986789,0.1,V3max,2.26929722372,0.0781501262692,0.0781501262728,0.00508651973577,0.0416183230095,0.166473292038,-50.0,2
sample_0,data_set_115,experiment_12,2,1.5,0.0787248415658,0.157449683132,0.5,0.0517416745519,0.1,V3max,1.62079467152,0.14710134822,0.14710134822,0.0103483349104,0.0787248415658,0.314899366263,50.0,2
sample_0,data_set_115,experiment_16,2,1.1,0.057435561185,0.11487112237,0.1,0.0327678159995,0.1,V2max,1.91722698497,0.10831755917,0.10831755917,0.0065535631999,0.057435561185,0.22974224474,10.0,2
sample_0,data_set_116,experiment_12,2,1.5,0.0787248415658,0.157449683132,0.5,0.0517416745519,0.1,V3max,1.62079467152,0.14710134822,0.14710134822,0.0103483349104,0.0787248415658,0.314899366263,50.0,2
sample_0,data_set_116,experiment_17,2,1.5,0.050620269802,0.101240539604,0.5,0.0207614450411,0.1,V2max,2.04888046427,0.0970882506082,0.097088250604,0.00415228900821,0.050620269802,0.202481079208,50.0,2
sample_0,data_set_117,experiment_12,2,1.5,0.0787248415658,0.157449683132,0.5,0.0517416745519,0.1,V3max,1.62079467152,0.14710134822,0.14710134822,0.0103483349104,0.0787248415658,0.314899366263,50.0,2
sample_0,data_set_117,experiment_18,2,2.0,0.0470218033724,0.0940436067447,1.0,0.0143299275383,0.1,V2max,2.12947508189,0.0911776212371,0.0911776212371,0.00286598550766,0.0470218033724,0.188087213489,100.0,2
sample_0,data_set_118,experiment_12,2,1.5,0.0787248415658,0.157449683132,0.5,0.0517416745519,0.1,V3max,1.62079467152,0.14710134822,0.14710134822,0.0103483349104,0.0787248415658,0.314899366263,50.0,2
sample_0,data_set_118,experiment_19,2,0.9,0.0656534709693,0.131306941939,-0.1,0.0470020163611,0.1,V2max,1.78614494502,0.121906538667,0.121906538667,0.00940040327222,0.0656534709693,0.262613883877,-10.0,2
sample_0,data_set_119,experiment_12,2,1.5,0.0787248415658,0.157449683132,0.5,0.0517416745519,0.1,V3max,1.62079467152,0.14710134822,0.14710134822,0.0103483349104,0.0787248415658,0.314899366263,50.0,2
sample_0,data_set_119,experiment_20,1,0.5,1.05378878139,2.10757756277,-0.5,8.12688863404,0.1,V2max,0.0942343933402,0.482199835964,0.482199835964,1.62537772681,1.05378878139,4.21515512554,-50.0,2
sample_0,data_set_120,experiment_0,2,0.1,0.0607357607357,0.121471521471,0.0,0.0385122231262,0.1,wt,1.86145811194,0.113769076846,0.113769076846,0.00770244462524,0.0607357607357,0.242943042943,0.0,2
sample_0,data_set_120,experiment_13,2,2.0,0.0986471946397,0.197294389279,1.0,0.0675499463641,0.1,V3max,1.43371788732,0.183784400004,0.183784400012,0.0135099892728,0.0986471946471,0.394588778559,100.0,2
sample_0,data_set_121,experiment_1,2,0.2,0.0638976219894,0.170393658638,1.0,0.0567377510139,0.2,ac,1.81205552469,0.159046108388,0.159046108367,0.0113475502028,0.06389762199,0.255590487958,100.0,2
sample_0,data_set_121,experiment_13,2,2.0,0.0986471946397,0.197294389279,1.0,0.0675499463641,0.1,V3max,1.43371788732,0.183784400004,0.183784400012,0.0135099892728,0.0986471946471,0.394588778559,100.0,2
sample_0,data_set_122,experiment_2,2,0.5,0.0733213112284,0.244404370761,4.0,0.0880001125402,0.5,ac,1.68389370774,0.226804347978,0.226804349128,0.017600022508,0.0733213118011,0.293285244914,400.0,2
sample_0,data_set_122,experiment_13,2,2.0,0.0986471946397,0.197294389279,1.0,0.0675499463641,0.1,V3max,1.43371788732,0.183784400004,0.183784400012,0.0135099892728,0.0986471946471,0.394588778559,100.0,2
sample_0,data_set_123,experiment_3,2,1.0,0.0853862038149,0.3104952866,9.0,0.120411016133,1.0,ac,1.55119491705,0.286412609357,0.286414611409,0.0240822032267,0.0853871720768,0.341544815259,900.0,2
sample_0,data_set_123,experiment_13,2,2.0,0.0986471946397,0.197294389279,1.0,0.0675499463641,0.1,V3max,1.43371788732,0.183784400004,0.183784400012,0.0135099892728,0.0986471946471,0.394588778559,100.0,2
sample_0,data_set_124,experiment_4,2,0.09,0.0605849681276,0.114792571189,-0.1,0.0361574591404,0.09,ac,1.86390841272,0.107561079361,0.107561079361,0.00723149182808,0.0605849681276,0.24233987251,-10.0,2
sample_0,data_set_124,experiment_13,2,2.0,0.0986471946397,0.197294389279,1.0,0.0675499463641,0.1,V3max,1.43371788732,0.183784400004,0.183784400012,0.0135099892728,0.0986471946471,0.394588778559,100.0,2
sample_0,data_set_125,experiment_5,2,0.05,0.0614524632478,0.0819366176638,-0.5,0.0250044539076,0.05,ac,1.84993323977,0.0769357269015,0.0769357268976,0.00500089078152,0.0614524632479,0.245809852991,-50.0,2
sample_0,data_set_125,experiment_13,2,2.0,0.0986471946397,0.197294389279,1.0,0.0675499463641,0.1,V3max,1.43371788732,0.183784400004,0.183784400012,0.0135099892728,0.0986471946471,0.394588778559,100.0,2
sample_0,data_set_126,experiment_11,2,1.1,0.0643131981201,0.12862639624,0.1,0.0410690039957,0.1,V3max,1.80582924286,0.120412595441,0.120412595441,0.00821380079913,0.0643131981201,0.257252792481,10.0,2
sample_0,data_set_126,experiment_13,2,2.0,0.0986471946397,0.197294389279,1.0,0.0675499463641,0.1,V3max,1.43371788732,0.183784400004,0.183784400012,0.0135099892728,0.0986471946471,0.394588778559,100.0,2
sample_0,data_set_127,experiment_12,2,1.5,0.0787248415658,0.157449683132,0.5,0.0517416745519,0.1,V3max,1.62079467152,0.14710134822,0.14710134822,0.0103483349104,0.0787248415658,0.314899366263,50.0,2
sample_0,data_set_127,experiment_13,2,2.0,0.0986471946397,0.197294389279,1.0,0.0675499463641,0.1,V3max,1.43371788732,0.183784400004,0.183784400012,0.0135099892728,0.0986471946471,0.394588778559,100.0,2
sample_0,data_set_128,experiment_13,2,2.0,0.0986471946397,0.197294389279,1.0,0.0675499463641,0.1,V3max,1.43371788732,0.183784400004,0.183784400012,0.0135099892728,0.0986471946471,0.394588778559,100.0,2
sample_0,data_set_128,experiment_14,2,0.9,0.0571230723236,0.114246144647,-0.1,0.0359661558119,0.1,V3max,1.92275196845,0.107052913485,0.107052913485,0.00719323116239,0.0571230723236,0.228492289294,-10.0,2
sample_0,data_set_129,experiment_13,2,2.0,0.0986471946397,0.197294389279,1.0,0.0675499463641,0.1,V3max,1.43371788732,0.183784400004,0.183784400012,0.0135099892728,0.0986471946471,0.394588778559,100.0,2
sample_0,data_set_129,experiment_15,2,0.5,0.0416183230096,0.0832366460191,-0.5,0.0254325986789,0.1,V3max,2.26929722372,0.0781501262692,0.0781501262728,0.00508651973577,0.0416183230095,0.166473292038,-50.0,2
sample_0,data_set_130,experiment_13,2,2.0,0.0986471946397,0.197294389279,1.0,0.0675499463641,0.1,V3max,1.43371788732,0.183784400004,0.183784400012,0.0135099892728,0.0986471946471,0.394588778559,100.0,2
sample_0,data_set_130,experiment_16,2,1.1,0.057435561185,0.11487112237,0.1,0.0327678159995,0.1,V2max,1.91722698497,0.10831755917,0.10831755917,0.0065535631999,0.057435561185,0.22974224474,10.0,2
sample_0,data_set_131,experiment_13,2,2.0,0.0986471946397,0.197294389279,1.0,0.0675499463641,0.1,V3max,1.43371788732,0.183784400004,0.183784400012,0.0135099892728,0.0986471946471,0.394588778559,100.0,2
sample_0,data_set_131,experiment_17,2,1.5,0.050620269802,0.101240539604,0.5,0.0207614450411,0.1,V2max,2.04888046427,0.0970882506082,0.097088250604,0.00415228900821,0.050620269802,0.202481079208,50.0,2
sample_0,data_set_132,experiment_13,2,2.0,0.0986471946397,0.197294389279,1.0,0.0675499463641,0.1,V3max,1.43371788732,0.183784400004,0.183784400012,0.0135099892728,0.0986471946471,0.394588778559,100.0,2
sample_0,data_set_132,experiment_18,2,2.0,0.0470218033724,0.0940436067447,1.0,0.0143299275383,0.1,V2max,2.12947508189,0.0911776212371,0.0911776212371,0.00286598550766,0.0470218033724,0.188087213489,100.0,2
sample_0,data_set_133,experiment_13,2,2.0,0.0986471946397,0.197294389279,1.0,0.0675499463641,0.1,V3max,1.43371788732,0.183784400004,0.183784400012,0.0135099892728,0.0986471946471,0.394588778559,100.0,2
sample_0,data_set_133,experiment_19,2,0.9,0.0656534709693,0.131306941939,-0.1,0.0470020163611,0.1,V2max,1.78614494502,0.121906538667,0.121906538667,0.00940040327222,0.0656534709693,0.262613883877,-10.0,2
sample_0,data_set_134,experiment_13,2,2.0,0.0986471946397,0.197294389279,1.0,0.0675499463641,0.1,V3max,1.43371788732,0.183784400004,0.183784400012,0.0135099892728,0.0986471946471,0.394588778559,100.0,2
sample_0,data_set_134,experiment_20,1,0.5,1.05378878139,2.10757756277,-0.5,8.12688863404,0.1,V2max,0.0942343933402,0.482199835964,0.482199835964,1.62537772681,1.05378878139,4.21515512554,-50.0,2
sample_0,data_set_135,experiment_0,2,0.1,0.0607357607357,0.121471521471,0.0,0.0385122231262,0.1,wt,1.86145811194,0.113769076846,0.113769076846,0.00770244462524,0.0607357607357,0.242943042943,0.0,2
sample_0,data_set_135,experiment_14,2,0.9,0.0571230723236,0.114246144647,-0.1,0.0359661558119,0.1,V3max,1.92275196845,0.107052913485,0.107052913485,0.00719323116239,0.0571230723236,0.228492289294,-10.0,2
sample_0,data_set_136,experiment_1,2,0.2,0.0638976219894,0.170393658638,1.0,0.0567377510139,0.2,ac,1.81205552469,0.159046108388,0.159046108367,0.0113475502028,0.06389762199,0.255590487958,100.0,2
sample_0,data_set_136,experiment_14,2,0.9,0.0571230723236,0.114246144647,-0.1,0.0359661558119,0.1,V3max,1.92275196845,0.107052913485,0.107052913485,0.00719323116239,0.0571230723236,0.228492289294,-10.0,2
sample_0,data_set_137,experiment_2,2,0.5,0.0733213112284,0.244404370761,4.0,0.0880001125402,0.5,ac,1.68389370774,0.226804347978,0.226804349128,0.017600022508,0.0733213118011,0.293285244914,400.0,2
sample_0,data_set_137,experiment_14,2,0.9,0.0571230723236,0.114246144647,-0.1,0.0359661558119,0.1,V3max,1.92275196845,0.107052913485,0.107052913485,0.00719323116239,0.0571230723236,0.228492289294,-10.0,2
sample_0,data_set_138,experiment_3,2,1.0,0.0853862038149,0.3104952866,9.0,0.120411016133,1.0,ac,1.55119491705,0.286412609357,0.286414611409,0.0240822032267,0.0853871720768,0.341544815259,900.0,2
sample_0,data_set_138,experiment_14,2,0.9,0.0571230723236,0.114246144647,-0.1,0.0359661558119,0.1,V3max,1.92275196845,0.107052913485,0.107052913485,0.00719323116239,0.0571230723236,0.228492289294,-10.0,2
sample_0,data_set_139,experiment_4,2,0.09,0.0605849681276,0.114792571189,-0.1,0.0361574591404,0.09,ac,1.86390841272,0.107561079361,0.107561079361,0.00723149182808,0.0605849681276,0.24233987251,-10.0,2
sample_0,data_set_139,experiment_14,2,0.9,0.0571230723236,0.114246144647,-0.1,0.0359661558119,0.1,V3max,1.92275196845,0.107052913485,0.107052913485,0.00719323116239,0.0571230723236,0.228492289294,-10.0,2
sample_0,data_set_140,experiment_5,2,0.05,0.0614524632478,0.0819366176638,-0.5,0.0250044539076,0.05,ac,1.84993323977,0.0769357269015,0.0769357268976,0.00500089078152,0.0614524632479,0.245809852991,-50.0,2
sample_0,data_set_140,experiment_14,2,0.9,0.0571230723236,0.114246144647,-0.1,0.0359661558119,0.1,V3max,1.92275196845,0.107052913485,0.107052913485,0.00719323116239,0.0571230723236,0.228492289294,-10.0,2
sample_0,data_set_141,experiment_11,2,1.1,0.0643131981201,0.12862639624,0.1,0.0410690039957,0.1,V3max,1.80582924286,0.120412595441,0.120412595441,0.00821380079913,0.0643131981201,0.257252792481,10.0,2
sample_0,data_set_141,experiment_14,2,0.9,0.0571230723236,0.114246144647,-0.1,0.0359661558119,0.1,V3max,1.92275196845,0.107052913485,0.107052913485,0.00719323116239,0.0571230723236,0.228492289294,-10.0,2
sample_0,data_set_142,experiment_12,2,1.5,0.0787248415658,0.157449683132,0.5,0.0517416745519,0.1,V3max,1.62079467152,0.14710134822,0.14710134822,0.0103483349104,0.0787248415658,0.314899366263,50.0,2
sample_0,data_set_142,experiment_14,2,0.9,0.0571230723236,0.114246144647,-0.1,0.0359661558119,0.1,V3max,1.92275196845,0.107052913485,0.107052913485,0.00719323116239,0.0571230723236,0.228492289294,-10.0,2
sample_0,data_set_143,experiment_13,2,2.0,0.0986471946397,0.197294389279,1.0,0.0675499463641,0.1,V3max,1.43371788732,0.183784400004,0.183784400012,0.0135099892728,0.0986471946471,0.394588778559,100.0,2
sample_0,data_set_143,experiment_14,2,0.9,0.0571230723236,0.114246144647,-0.1,0.0359661558119,0.1,V3max,1.92275196845,0.107052913485,0.107052913485,0.00719323116239,0.0571230723236,0.228492289294,-10.0,2
sample_0,data_set_144,experiment_14,2,0.9,0.0571230723236,0.114246144647,-0.1,0.0359661558119,0.1,V3max,1.92275196845,0.107052913485,0.107052913485,0.00719323116239,0.0571230723236,0.228492289294,-10.0,2
sample_0,data_set_144,experiment_15,2,0.5,0.0416183230096,0.0832366460191,-0.5,0.0254325986789,0.1,V3max,2.26929722372,0.0781501262692,0.0781501262728,0.00508651973577,0.0416183230095,0.166473292038,-50.0,2
sample_0,data_set_145,experiment_14,2,0.9,0.0571230723236,0.114246144647,-0.1,0.0359661558119,0.1,V3max,1.92275196845,0.107052913485,0.107052913485,0.00719323116239,0.0571230723236,0.228492289294,-10.0,2
sample_0,data_set_145,experiment_16,2,1.1,0.057435561185,0.11487112237,0.1,0.0327678159995,0.1,V2max,1.91722698497,0.10831755917,0.10831755917,0.0065535631999,0.057435561185,0.22974224474,10.0,2
sample_0,data_set_146,experiment_14,2,0.9,0.0571230723236,0.114246144647,-0.1,0.0359661558119,0.1,V3max,1.92275196845,0.107052913485,0.107052913485,0.00719323116239,0.0571230723236,0.228492289294,-10.0,2
sample_0,data_set_146,experiment_17,2,1.5,0.050620269802,0.101240539604,0.5,0.0207614450411,0.1,V2max,2.04888046427,0.0970882506082,0.097088250604,0.00415228900821,0.050620269802,0.202481079208,50.0,2
sample_0,data_set_147,experiment_14,2,0.9,0.0571230723236,0.114246144647,-0.1,0.0359661558119,0.1,V3max,1.92275196845,0.107052913485,0.107052913485,0.00719323116239,0.0571230723236,0.228492289294,-10.0,2
sample_0,data_set_147,experiment_18,2,2.0,0.0470218033724,0.0940436067447,1.0,0.0143299275383,0.1,V2max,2.12947508189,0.0911776212371,0.0911776212371,0.00286598550766,0.0470218033724,0.188087213489,100.0,2
sample_0,data_set_148,experiment_14,2,0.9,0.0571230723236,0.114246144647,-0.1,0.0359661558119,0.1,V3max,1.92275196845,0.107052913485,0.107052913485,0.00719323116239,0.0571230723236,0.228492289294,-10.0,2
sample_0,data_set_148,experiment_19,2,0.9,0.0656534709693,0.131306941939,-0.1,0.0470020163611,0.1,V2max,1.78614494502,0.121906538667,0.121906538667,0.00940040327222,0.0656534709693,0.262613883877,-10.0,2
sample_0,data_set_149,experiment_14,2,0.9,0.0571230723236,0.114246144647,-0.1,0.0359661558119,0.1,V3max,1.92275196845,0.107052913485,0.107052913485,0.00719323116239,0.0571230723236,0.228492289294,-10.0,2
sample_0,data_set_149,experiment_20,1,0.5,1.05378878139,2.10757756277,-0.5,8.12688863404,0.1,V2max,0.0942343933402,0.482199835964,0.482199835964,1.62537772681,1.05378878139,4.21515512554,-50.0,2
sample_0,data_set_150,experiment_0,2,0.1,0.0607357607357,0.121471521471,0.0,0.0385122231262,0.1,wt,1.86145811194,0.113769076846,0.113769076846,0.00770244462524,0.0607357607357,0.242943042943,0.0,2
sample_0,data_set_150,experiment_15,2,0.5,0.0416183230096,0.0832366460191,-0.5,0.0254325986789,0.1,V3max,2.26929722372,0.0781501262692,0.0781501262728,0.00508651973577,0.0416183230095,0.166473292038,-50.0,2
sample_0,data_set_151,experiment_1,2,0.2,0.0638976219894,0.170393658638,1.0,0.0567377510139,0.2,ac,1.81205552469,0.159046108388,0.159046108367,0.0113475502028,0.06389762199,0.255590487958,100.0,2
sample_0,data_set_151,experiment_15,2,0.5,0.0416183230096,0.0832366460191,-0.5,0.0254325986789,0.1,V3max,2.26929722372,0.0781501262692,0.0781501262728,0.00508651973577,0.0416183230095,0.166473292038,-50.0,2
sample_0,data_set_152,experiment_2,2,0.5,0.0733213112284,0.244404370761,4.0,0.0880001125402,0.5,ac,1.68389370774,0.226804347978,0.226804349128,0.017600022508,0.0733213118011,0.293285244914,400.0,2
sample_0,data_set_152,experiment_15,2,0.5,0.0416183230096,0.0832366460191,-0.5,0.0254325986789,0.1,V3max,2.26929722372,0.0781501262692,0.0781501262728,0.00508651973577,0.0416183230095,0.166473292038,-50.0,2
sample_0,data_set_153,experiment_3,2,1.0,0.0853862038149,0.3104952866,9.0,0.120411016133,1.0,ac,1.55119491705,0.286412609357,0.286414611409,0.0240822032267,0.0853871720768,0.341544815259,900.0,2
sample_0,data_set_153,experiment_15,2,0.5,0.0416183230096,0.0832366460191,-0.5,0.0254325986789,0.1,V3max,2.26929722372,0.0781501262692,0.0781501262728,0.00508651973577,0.0416183230095,0.166473292038,-50.0,2
sample_0,data_set_154,experiment_4,2,0.09,0.0605849681276,0.114792571189,-0.1,0.0361574591404,0.09,ac,1.86390841272,0.107561079361,0.107561079361,0.00723149182808,0.0605849681276,0.24233987251,-10.0,2
sample_0,data_set_154,experiment_15,2,0.5,0.0416183230096,0.0832366460191,-0.5,0.0254325986789,0.1,V3max,2.26929722372,0.0781501262692,0.0781501262728,0.00508651973577,0.0416183230095,0.166473292038,-50.0,2
sample_0,data_set_155,experiment_5,2,0.05,0.0614524632478,0.0819366176638,-0.5,0.0250044539076,0.05,ac,1.84993323977,0.0769357269015,0.0769357268976,0.00500089078152,0.0614524632479,0.245809852991,-50.0,2
sample_0,data_set_155,experiment_15,2,0.5,0.0416183230096,0.0832366460191,-0.5,0.0254325986789,0.1,V3max,2.26929722372,0.0781501262692,0.0781501262728,0.00508651973577,0.0416183230095,0.166473292038,-50.0,2
sample_0,data_set_156,experiment_11,2,1.1,0.0643131981201,0.12862639624,0.1,0.0410690039957,0.1,V3max,1.80582924286,0.120412595441,0.120412595441,0.00821380079913,0.0643131981201,0.257252792481,10.0,2
sample_0,data_set_156,experiment_15,2,0.5,0.0416183230096,0.0832366460191,-0.5,0.0254325986789,0.1,V3max,2.26929722372,0.0781501262692,0.0781501262728,0.00508651973577,0.0416183230095,0.166473292038,-50.0,2
sample_0,data_set_157,experiment_12,2,1.5,0.0787248415658,0.157449683132,0.5,0.0517416745519,0.1,V3max,1.62079467152,0.14710134822,0.14710134822,0.0103483349104,0.0787248415658,0.314899366263,50.0,2
sample_0,data_set_157,experiment_15,2,0.5,0.0416183230096,0.0832366460191,-0.5,0.0254325986789,0.1,V3max,2.26929722372,0.0781501262692,0.0781501262728,0.00508651973577,0.0416183230095,0.166473292038,-50.0,2
sample_0,data_set_158,experiment_13,2,2.0,0.0986471946397,0.197294389279,1.0,0.0675499463641,0.1,V3max,1.43371788732,0.183784400004,0.183784400012,0.0135099892728,0.0986471946471,0.394588778559,100.0,2
sample_0,data_set_158,experiment_15,2,0.5,0.0416183230096,0.0832366460191,-0.5,0.0254325986789,0.1,V3max,2.26929722372,0.0781501262692,0.0781501262728,0.00508651973577,0.0416183230095,0.166473292038,-50.0,2
sample_0,data_set_159,experiment_14,2,0.9,0.0571230723236,0.114246144647,-0.1,0.0359661558119,0.1,V3max,1.92275196845,0.107052913485,0.107052913485,0.00719323116239,0.0571230723236,0.228492289294,-10.0,2
sample_0,data_set_159,experiment_15,2,0.5,0.0416183230096,0.0832366460191,-0.5,0.0254325986789,0.1,V3max,2.26929722372,0.0781501262692,0.0781501262728,0.00508651973577,0.0416183230095,0.166473292038,-50.0,2
sample_0,data_set_160,experiment_15,2,0.5,0.0416183230096,0.0832366460191,-0.5,0.0254325986789,0.1,V3max,2.26929722372,0.0781501262692,0.0781501262728,0.00508651973577,0.0416183230095,0.166473292038,-50.0,2
sample_0,data_set_160,experiment_16,2,1.1,0.057435561185,0.11487112237,0.1,0.0327678159995,0.1,V2max,1.91722698497,0.10831755917,0.10831755917,0.0065535631999,0.057435561185,0.22974224474,10.0,2
sample_0,data_set_161,experiment_15,2,0.5,0.0416183230096,0.0832366460191,-0.5,0.0254325986789,0.1,V3max,2.26929722372,0.0781501262692,0.0781501262728,0.00508651973577,0.0416183230095,0.166473292038,-50.0,2
sample_0,data_set_161,experiment_17,2,1.5,0.050620269802,0.101240539604,0.5,0.0207614450411,0.1,V2max,2.04888046427,0.0970882506082,0.097088250604,0.00415228900821,0.050620269802,0.202481079208,50.0,2
sample_0,data_set_162,experiment_15,2,0.5,0.0416183230096,0.0832366460191,-0.5,0.0254325986789,0.1,V3max,2.26929722372,0.0781501262692,0.0781501262728,0.00508651973577,0.0416183230095,0.166473292038,-50.0,2
sample_0,data_set_162,experiment_18,2,2.0,0.0470218033724,0.0940436067447,1.0,0.0143299275383,0.1,V2max,2.12947508189,0.0911776212371,0.0911776212371,0.00286598550766,0.0470218033724,0.188087213489,100.0,2
sample_0,data_set_163,experiment_15,2,0.5,0.0416183230096,0.0832366460191,-0.5,0.0254325986789,0.1,V3max,2.26929722372,0.0781501262692,0.0781501262728,0.00508651973577,0.0416183230095,0.166473292038,-50.0,2
sample_0,data_set_163,experiment_19,2,0.9,0.0656534709693,0.131306941939,-0.1,0.0470020163611,0.1,V2max,1.78614494502,0.121906538667,0.121906538667,0.00940040327222,0.0656534709693,0.262613883877,-10.0,2
sample_0,data_set_164,experiment_15,2,0.5,0.0416183230096,0.0832366460191,-0.5,0.0254325986789,0.1,V3max,2.26929722372,0.0781501262692,0.0781501262728,0.00508651973577,0.0416183230095,0.166473292038,-50.0,2
sample_0,data_set_164,experiment_20,1,0.5,1.05378878139,2.10757756277,-0.5,8.12688863404,0.1,V2max,0.0942343933402,0.482199835964,0.482199835964,1.62537772681,1.05378878139,4.21515512554,-50.0,2
sample_0,data_set_165,experiment_0,2,0.1,0.0607357607357,0.121471521471,0.0,0.0385122231262,0.1,wt,1.86145811194,0.113769076846,0.113769076846,0.00770244462524,0.0607357607357,0.242943042943,0.0,2
sample_0,data_set_165,experiment_16,2,1.1,0.057435561185,0.11487112237,0.1,0.0327678159995,0.1,V2max,1.91722698497,0.10831755917,0.10831755917,0.0065535631999,0.057435561185,0.22974224474,10.0,2
sample_0,data_set_166,experiment_1,2,0.2,0.0638976219894,0.170393658638,1.0,0.0567377510139,0.2,ac,1.81205552469,0.159046108388,0.159046108367,0.0113475502028,0.06389762199,0.255590487958,100.0,2
sample_0,data_set_166,experiment_16,2,1.1,0.057435561185,0.11487112237,0.1,0.0327678159995,0.1,V2max,1.91722698497,0.10831755917,0.10831755917,0.0065535631999,0.057435561185,0.22974224474,10.0,2
sample_0,data_set_167,experiment_2,2,0.5,0.0733213112284,0.244404370761,4.0,0.0880001125402,0.5,ac,1.68389370774,0.226804347978,0.226804349128,0.017600022508,0.0733213118011,0.293285244914,400.0,2
sample_0,data_set_167,experiment_16,2,1.1,0.057435561185,0.11487112237,0.1,0.0327678159995,0.1,V2max,1.91722698497,0.10831755917,0.10831755917,0.0065535631999,0.057435561185,0.22974224474,10.0,2
sample_0,data_set_168,experiment_3,2,1.0,0.0853862038149,0.3104952866,9.0,0.120411016133,1.0,ac,1.55119491705,0.286412609357,0.286414611409,0.0240822032267,0.0853871720768,0.341544815259,900.0,2
sample_0,data_set_168,experiment_16,2,1.1,0.057435561185,0.11487112237,0.1,0.0327678159995,0.1,V2max,1.91722698497,0.10831755917,0.10831755917,0.0065535631999,0.057435561185,0.22974224474,10.0,2
sample_0,data_set_169,experiment_4,2,0.09,0.0605849681276,0.114792571189,-0.1,0.0361574591404,0.09,ac,1.86390841272,0.107561079361,0.107561079361,0.00723149182808,0.0605849681276,0.24233987251,-10.0,2
sample_0,data_set_169,experiment_16,2,1.1,0.057435561185,0.11487112237,0.1,0.0327678159995,0.1,V2max,1.91722698497,0.10831755917,0.10831755917,0.0065535631999,0.057435561185,0.22974224474,10.0,2
sample_0,data_set_170,experiment_5,2,0.05,0.0614524632478,0.0819366176638,-0.5,0.0250044539076,0.05,ac,1.84993323977,0.0769357269015,0.0769357268976,0.00500089078152,0.0614524632479,0.245809852991,-50.0,2
sample_0,data_set_170,experiment_16,2,1.1,0.057435561185,0.11487112237,0.1,0.0327678159995,0.1,V2max,1.91722698497,0.10831755917,0.10831755917,0.0065535631999,0.057435561185,0.22974224474,10.0,2
sample_0,data_set_171,experiment_11,2,1.1,0.0643131981201,0.12862639624,0.1,0.0410690039957,0.1,V3max,1.80582924286,0.120412595441,0.120412595441,0.00821380079913,0.0643131981201,0.257252792481,10.0,2
sample_0,data_set_171,experiment_16,2,1.1,0.057435561185,0.11487112237,0.1,0.0327678159995,0.1,V2max,1.91722698497,0.10831755917,0.10831755917,0.0065535631999,0.057435561185,0.22974224474,10.0,2
sample_0,data_set_172,experiment_12,2,1.5,0.0787248415658,0.157449683132,0.5,0.0517416745519,0.1,V3max,1.62079467152,0.14710134822,0.14710134822,0.0103483349104,0.0787248415658,0.314899366263,50.0,2
sample_0,data_set_172,experiment_16,2,1.1,0.057435561185,0.11487112237,0.1,0.0327678159995,0.1,V2max,1.91722698497,0.10831755917,0.10831755917,0.0065535631999,0.057435561185,0.22974224474,10.0,2
sample_0,data_set_173,experiment_13,2,2.0,0.0986471946397,0.197294389279,1.0,0.0675499463641,0.1,V3max,1.43371788732,0.183784400004,0.183784400012,0.0135099892728,0.0986471946471,0.394588778559,100.0,2
sample_0,data_set_173,experiment_16,2,1.1,0.057435561185,0.11487112237,0.1,0.0327678159995,0.1,V2max,1.91722698497,0.10831755917,0.10831755917,0.0065535631999,0.057435561185,0.22974224474,10.0,2
sample_0,data_set_174,experiment_14,2,0.9,0.0571230723236,0.114246144647,-0.1,0.0359661558119,0.1,V3max,1.92275196845,0.107052913485,0.107052913485,0.00719323116239,0.0571230723236,0.228492289294,-10.0,2
sample_0,data_set_174,experiment_16,2,1.1,0.057435561185,0.11487112237,0.1,0.0327678159995,0.1,V2max,1.91722698497,0.10831755917,0.10831755917,0.0065535631999,0.057435561185,0.22974224474,10.0,2
sample_0,data_set_175,experiment_15,2,0.5,0.0416183230096,0.0832366460191,-0.5,0.0254325986789,0.1,V3max,2.26929722372,0.0781501262692,0.0781501262728,0.00508651973577,0.0416183230095,0.166473292038,-50.0,2
sample_0,data_set_175,experiment_16,2,1.1,0.057435561185,0.11487112237,0.1,0.0327678159995,0.1,V2max,1.91722698497,0.10831755917,0.10831755917,0.0065535631999,0.057435561185,0.22974224474,10.0,2
sample_0,data_set_176,experiment_16,2,1.1,0.057435561185,0.11487112237,0.1,0.0327678159995,0.1,V2max,1.91722698497,0.10831755917,0.10831755917,0.0065535631999,0.057435561185,0.22974224474,10.0,2
sample_0,data_set_176,experiment_17,2,1.5,0.050620269802,0.101240539604,0.5,0.0207614450411,0.1,V2max,2.04888046427,0.0970882506082,0.097088250604,0.00415228900821,0.050620269802,0.202481079208,50.0,2
sample_0,data_set_177,experiment_16,2,1.1,0.057435561185,0.11487112237,0.1,0.0327678159995,0.1,V2max,1.91722698497,0.10831755917,0.10831755917,0.0065535631999,0.057435561185,0.22974224474,10.0,2
sample_0,data_set_177,experiment_18,2,2.0,0.0470218033724,0.0940436067447,1.0,0.0143299275383,0.1,V2max,2.12947508189,0.0911776212371,0.0911776212371,0.00286598550766,0.0470218033724,0.188087213489,100.0,2
sample_0,data_set_178,experiment_16,2,1.1,0.057435561185,0.11487112237,0.1,0.0327678159995,0.1,V2max,1.91722698497,0.10831755917,0.10831755917,0.0065535631999,0.057435561185,0.22974224474,10.0,2
sample_0,data_set_178,experiment_19,2,0.9,0.0656534709693,0.131306941939,-0.1,0.0470020163611,0.1,V2max,1.78614494502,0.121906538667,0.121906538667,0.00940040327222,0.0656534709693,0.262613883877,-10.0,2
sample_0,data_set_179,experiment_16,2,1.1,0.057435561185,0.11487112237,0.1,0.0327678159995,0.1,V2max,1.91722698497,0.10831755917,0.10831755917,0.0065535631999,0.057435561185,0.22974224474,10.0,2
sample_0,data_set_179,experiment_20,1,0.5,1.05378878139,2.10757756277,-0.5,8.12688863404,0.1,V2max,0.0942343933402,0.482199835964,0.482199835964,1.62537772681,1.05378878139,4.21515512554,-50.0,2
sample_0,data_set_180,experiment_0,2,0.1,0.0607357607357,0.121471521471,0.0,0.0385122231262,0.1,wt,1.86145811194,0.113769076846,0.113769076846,0.00770244462524,0.0607357607357,0.242943042943,0.0,2
sample_0,data_set_180,experiment_17,2,1.5,0.050620269802,0.101240539604,0.5,0.0207614450411,0.1,V2max,2.04888046427,0.0970882506082,0.097088250604,0.00415228900821,0.050620269802,0.202481079208,50.0,2
sample_0,data_set_181,experiment_1,2,0.2,0.0638976219894,0.170393658638,1.0,0.0567377510139,0.2,ac,1.81205552469,0.159046108388,0.159046108367,0.0113475502028,0.06389762199,0.255590487958,100.0,2
sample_0,data_set_181,experiment_17,2,1.5,0.050620269802,0.101240539604,0.5,0.0207614450411,0.1,V2max,2.04888046427,0.0970882506082,0.097088250604,0.00415228900821,0.050620269802,0.202481079208,50.0,2
sample_0,data_set_182,experiment_2,2,0.5,0.0733213112284,0.244404370761,4.0,0.0880001125402,0.5,ac,1.68389370774,0.226804347978,0.226804349128,0.017600022508,0.0733213118011,0.293285244914,400.0,2
sample_0,data_set_182,experiment_17,2,1.5,0.050620269802,0.101240539604,0.5,0.0207614450411,0.1,V2max,2.04888046427,0.0970882506082,0.097088250604,0.00415228900821,0.050620269802,0.202481079208,50.0,2
sample_0,data_set_183,experiment_3,2,1.0,0.0853862038149,0.3104952866,9.0,0.120411016133,1.0,ac,1.55119491705,0.286412609357,0.286414611409,0.0240822032267,0.0853871720768,0.341544815259,900.0,2
sample_0,data_set_183,experiment_17,2,1.5,0.050620269802,0.101240539604,0.5,0.0207614450411,0.1,V2max,2.04888046427,0.0970882506082,0.097088250604,0.00415228900821,0.050620269802,0.202481079208,50.0,2
sample_0,data_set_184,experiment_4,2,0.09,0.0605849681276,0.114792571189,-0.1,0.0361574591404,0.09,ac,1.86390841272,0.107561079361,0.107561079361,0.00723149182808,0.0605849681276,0.24233987251,-10.0,2
sample_0,data_set_184,experiment_17,2,1.5,0.050620269802,0.101240539604,0.5,0.0207614450411,0.1,V2max,2.04888046427,0.0970882506082,0.097088250604,0.00415228900821,0.050620269802,0.202481079208,50.0,2
sample_0,data_set_185,experiment_5,2,0.05,0.0614524632478,0.0819366176638,-0.5,0.0250044539076,0.05,ac,1.84993323977,0.0769357269015,0.0769357268976,0.00500089078152,0.0614524632479,0.245809852991,-50.0,2
sample_0,data_set_185,experiment_17,2,1.5,0.050620269802,0.101240539604,0.5,0.0207614450411,0.1,V2max,2.04888046427,0.0970882506082,0.097088250604,0.00415228900821,0.050620269802,0.202481079208,50.0,2
sample_0,data_set_186,experiment_11,2,1.1,0.0643131981201,0.12862639624,0.1,0.0410690039957,0.1,V3max,1.80582924286,0.120412595441,0.120412595441,0.00821380079913,0.0643131981201,0.257252792481,10.0,2
sample_0,data_set_186,experiment_17,2,1.5,0.050620269802,0.101240539604,0.5,0.0207614450411,0.1,V2max,2.04888046427,0.0970882506082,0.097088250604,0.00415228900821,0.050620269802,0.202481079208,50.0,2
sample_0,data_set_187,experiment_12,2,1.5,0.0787248415658,0.157449683132,0.5,0.0517416745519,0.1,V3max,1.62079467152,0.14710134822,0.14710134822,0.0103483349104,0.0787248415658,0.314899366263,50.0,2
sample_0,data_set_187,experiment_17,2,1.5,0.050620269802,0.101240539604,0.5,0.0207614450411,0.1,V2max,2.04888046427,0.0970882506082,0.097088250604,0.00415228900821,0.050620269802,0.202481079208,50.0,2
sample_0,data_set_188,experiment_13,2,2.0,0.0986471946397,0.197294389279,1.0,0.0675499463641,0.1,V3max,1.43371788732,0.183784400004,0.183784400012,0.0135099892728,0.0986471946471,0.394588778559,100.0,2
sample_0,data_set_188,experiment_17,2,1.5,0.050620269802,0.101240539604,0.5,0.0207614450411,0.1,V2max,2.04888046427,0.0970882506082,0.097088250604,0.00415228900821,0.050620269802,0.202481079208,50.0,2
sample_0,data_set_189,experiment_14,2,0.9,0.0571230723236,0.114246144647,-0.1,0.0359661558119,0.1,V3max,1.92275196845,0.107052913485,0.107052913485,0.00719323116239,0.0571230723236,0.228492289294,-10.0,2
sample_0,data_set_189,experiment_17,2,1.5,0.050620269802,0.101240539604,0.5,0.0207614450411,0.1,V2max,2.04888046427,0.0970882506082,0.097088250604,0.00415228900821,0.050620269802,0.202481079208,50.0,2
sample_0,data_set_190,experiment_15,2,0.5,0.0416183230096,0.0832366460191,-0.5,0.0254325986789,0.1,V3max,2.26929722372,0.0781501262692,0.0781501262728,0.00508651973577,0.0416183230095,0.166473292038,-50.0,2
sample_0,data_set_190,experiment_17,2,1.5,0.050620269802,0.101240539604,0.5,0.0207614450411,0.1,V2max,2.04888046427,0.0970882506082,0.097088250604,0.00415228900821,0.050620269802,0.202481079208,50.0,2
sample_0,data_set_191,experiment_16,2,1.1,0.057435561185,0.11487112237,0.1,0.0327678159995,0.1,V2max,1.91722698497,0.10831755917,0.10831755917,0.0065535631999,0.057435561185,0.22974224474,10.0,2
sample_0,data_set_191,experiment_17,2,1.5,0.050620269802,0.101240539604,0.5,0.0207614450411,0.1,V2max,2.04888046427,0.0970882506082,0.097088250604,0.00415228900821,0.050620269802,0.202481079208,50.0,2
sample_0,data_set_192,experiment_17,2,1.5,0.050620269802,0.101240539604,0.5,0.0207614450411,0.1,V2max,2.04888046427,0.0970882506082,0.097088250604,0.00415228900821,0.050620269802,0.202481079208,50.0,2
sample_0,data_set_192,experiment_18,2,2.0,0.0470218033724,0.0940436067447,1.0,0.0143299275383,0.1,V2max,2.12947508189,0.0911776212371,0.0911776212371,0.00286598550766,0.0470218033724,0.188087213489,100.0,2
sample_0,data_set_193,experiment_17,2,1.5,0.050620269802,0.101240539604,0.5,0.0207614450411,0.1,V2max,2.04888046427,0.0970882506082,0.097088250604,0.00415228900821,0.050620269802,0.202481079208,50.0,2
sample_0,data_set_193,experiment_19,2,0.9,0.0656534709693,0.131306941939,-0.1,0.0470020163611,0.1,V2max,1.78614494502,0.121906538667,0.121906538667,0.00940040327222,0.0656534709693,0.262613883877,-10.0,2
sample_0,data_set_194,experiment_17,2,1.5,0.050620269802,0.101240539604,0.5,0.0207614450411,0.1,V2max,2.04888046427,0.0970882506082,0.097088250604,0.00415228900821,0.050620269802,0.202481079208,50.0,2
sample_0,data_set_194,experiment_20,1,0.5,1.05378878139,2.10757756277,-0.5,8.12688863404,0.1,V2max,0.0942343933402,0.482199835964,0.482199835964,1.62537772681,1.05378878139,4.21515512554,-50.0,2
sample_0,data_set_195,experiment_0,2,0.1,0.0607357607357,0.121471521471,0.0,0.0385122231262,0.1,wt,1.86145811194,0.113769076846,0.113769076846,0.00770244462524,0.0607357607357,0.242943042943,0.0,2
sample_0,data_set_195,experiment_18,2,2.0,0.0470218033724,0.0940436067447,1.0,0.0143299275383,0.1,V2max,2.12947508189,0.0911776212371,0.0911776212371,0.00286598550766,0.0470218033724,0.188087213489,100.0,2
sample_0,data_set_196,experiment_1,2,0.2,0.0638976219894,0.170393658638,1.0,0.0567377510139,0.2,ac,1.81205552469,0.159046108388,0.159046108367,0.0113475502028,0.06389762199,0.255590487958,100.0,2
sample_0,data_set_196,experiment_18,2,2.0,0.0470218033724,0.0940436067447,1.0,0.0143299275383,0.1,V2max,2.12947508189,0.0911776212371,0.0911776212371,0.00286598550766,0.0470218033724,0.188087213489,100.0,2
sample_0,data_set_197,experiment_2,2,0.5,0.0733213112284,0.244404370761,4.0,0.0880001125402,0.5,ac,1.68389370774,0.226804347978,0.226804349128,0.017600022508,0.0733213118011,0.293285244914,400.0,2
sample_0,data_set_197,experiment_18,2,2.0,0.0470218033724,0.0940436067447,1.0,0.0143299275383,0.1,V2max,2.12947508189,0.0911776212371,0.0911776212371,0.00286598550766,0.0470218033724,0.188087213489,100.0,2
sample_0,data_set_198,experiment_3,2,1.0,0.0853862038149,0.3104952866,9.0,0.120411016133,1.0,ac,1.55119491705,0.286412609357,0.286414611409,0.0240822032267,0.0853871720768,0.341544815259,900.0,2
sample_0,data_set_198,experiment_18,2,2.0,0.0470218033724,0.0940436067447,1.0,0.0143299275383,0.1,V2max,2.12947508189,0.0911776212371,0.0911776212371,0.00286598550766,0.0470218033724,0.188087213489,100.0,2
sample_0,data_set_199,experiment_4,2,0.09,0.0605849681276,0.114792571189,-0.1,0.0361574591404,0.09,ac,1.86390841272,0.107561079361,0.107561079361,0.00723149182808,0.0605849681276,0.24233987251,-10.0,2
sample_0,data_set_199,experiment_18,2,2.0,0.0470218033724,0.0940436067447,1.0,0.0143299275383,0.1,V2max,2.12947508189,0.0911776212371,0.0911776212371,0.00286598550766,0.0470218033724,0.188087213489,100.0,2
sample_0,data_set_200,experiment_5,2,0.05,0.0614524632478,0.0819366176638,-0.5,0.0250044539076,0.05,ac,1.84993323977,0.0769357269015,0.0769357268976,0.00500089078152,0.0614524632479,0.245809852991,-50.0,2
sample_0,data_set_200,experiment_18,2,2.0,0.0470218033724,0.0940436067447,1.0,0.0143299275383,0.1,V2max,2.12947508189,0.0911776212371,0.0911776212371,0.00286598550766,0.0470218033724,0.188087213489,100.0,2
sample_0,data_set_201,experiment_11,2,1.1,0.0643131981201,0.12862639624,0.1,0.0410690039957,0.1,V3max,1.80582924286,0.120412595441,0.120412595441,0.00821380079913,0.0643131981201,0.257252792481,10.0,2
sample_0,data_set_201,experiment_18,2,2.0,0.0470218033724,0.0940436067447,1.0,0.0143299275383,0.1,V2max,2.12947508189,0.0911776212371,0.0911776212371,0.00286598550766,0.0470218033724,0.188087213489,100.0,2
sample_0,data_set_202,experiment_12,2,1.5,0.0787248415658,0.157449683132,0.5,0.0517416745519,0.1,V3max,1.62079467152,0.14710134822,0.14710134822,0.0103483349104,0.0787248415658,0.314899366263,50.0,2
sample_0,data_set_202,experiment_18,2,2.0,0.0470218033724,0.0940436067447,1.0,0.0143299275383,0.1,V2max,2.12947508189,0.0911776212371,0.0911776212371,0.00286598550766,0.0470218033724,0.188087213489,100.0,2
sample_0,data_set_203,experiment_13,2,2.0,0.0986471946397,0.197294389279,1.0,0.0675499463641,0.1,V3max,1.43371788732,0.183784400004,0.183784400012,0.0135099892728,0.0986471946471,0.394588778559,100.0,2
sample_0,data_set_203,experiment_18,2,2.0,0.0470218033724,0.0940436067447,1.0,0.0143299275383,0.1,V2max,2.12947508189,0.0911776212371,0.0911776212371,0.00286598550766,0.0470218033724,0.188087213489,100.0,2
sample_0,data_set_204,experiment_14,2,0.9,0.0571230723236,0.114246144647,-0.1,0.0359661558119,0.1,V3max,1.92275196845,0.107052913485,0.107052913485,0.00719323116239,0.0571230723236,0.228492289294,-10.0,2
sample_0,data_set_204,experiment_18,2,2.0,0.0470218033724,0.0940436067447,1.0,0.0143299275383,0.1,V2max,2.12947508189,0.0911776212371,0.0911776212371,0.00286598550766,0.0470218033724,0.188087213489,100.0,2
sample_0,data_set_205,experiment_15,2,0.5,0.0416183230096,0.0832366460191,-0.5,0.0254325986789,0.1,V3max,2.26929722372,0.0781501262692,0.0781501262728,0.00508651973577,0.0416183230095,0.166473292038,-50.0,2
sample_0,data_set_205,experiment_18,2,2.0,0.0470218033724,0.0940436067447,1.0,0.0143299275383,0.1,V2max,2.12947508189,0.0911776212371,0.0911776212371,0.00286598550766,0.0470218033724,0.188087213489,100.0,2
sample_0,data_set_206,experiment_16,2,1.1,0.057435561185,0.11487112237,0.1,0.0327678159995,0.1,V2max,1.91722698497,0.10831755917,0.10831755917,0.0065535631999,0.057435561185,0.22974224474,10.0,2
sample_0,data_set_206,experiment_18,2,2.0,0.0470218033724,0.0940436067447,1.0,0.0143299275383,0.1,V2max,2.12947508189,0.0911776212371,0.0911776212371,0.00286598550766,0.0470218033724,0.188087213489,100.0,2
sample_0,data_set_207,experiment_17,2,1.5,0.050620269802,0.101240539604,0.5,0.0207614450411,0.1,V2max,2.04888046427,0.0970882506082,0.097088250604,0.00415228900821,0.050620269802,0.202481079208,50.0,2
sample_0,data_set_207,experiment_18,2,2.0,0.0470218033724,0.0940436067447,1.0,0.0143299275383,0.1,V2max,2.12947508189,0.0911776212371,0.0911776212371,0.00286598550766,0.0470218033724,0.188087213489,100.0,2
sample_0,data_set_208,experiment_18,2,2.0,0.0470218033724,0.0940436067447,1.0,0.0143299275383,0.1,V2max,2.12947508189,0.0911776212371,0.0911776212371,0.00286598550766,0.0470218033724,0.188087213489,100.0,2
sample_0,data_set_208,experiment_19,2,0.9,0.0656534709693,0.131306941939,-0.1,0.0470020163611,0.1,V2max,1.78614494502,0.121906538667,0.121906538667,0.00940040327222,0.0656534709693,0.262613883877,-10.0,2
sample_0,data_set_209,experiment_18,2,2.0,0.0470218033724,0.0940436067447,1.0,0.0143299275383,0.1,V2max,2.12947508189,0.0911776212371,0.0911776212371,0.00286598550766,0.0470218033724,0.188087213489,100.0,2
sample_0,data_set_209,experiment_20,1,0.5,1.05378878139,2.10757756277,-0.5,8.12688863404,0.1,V2max,0.0942343933402,0.482199835964,0.482199835964,1.62537772681,1.05378878139,4.21515512554,-50.0,2
sample_0,data_set_210,experiment_0,2,0.1,0.0607357607357,0.121471521471,0.0,0.0385122231262,0.1,wt,1.86145811194,0.113769076846,0.113769076846,0.00770244462524,0.0607357607357,0.242943042943,0.0,2
sample_0,data_set_210,experiment_19,2,0.9,0.0656534709693,0.131306941939,-0.1,0.0470020163611,0.1,V2max,1.78614494502,0.121906538667,0.121906538667,0.00940040327222,0.0656534709693,0.262613883877,-10.0,2
sample_0,data_set_211,experiment_1,2,0.2,0.0638976219894,0.170393658638,1.0,0.0567377510139,0.2,ac,1.81205552469,0.159046108388,0.159046108367,0.0113475502028,0.06389762199,0.255590487958,100.0,2
sample_0,data_set_211,experiment_19,2,0.9,0.0656534709693,0.131306941939,-0.1,0.0470020163611,0.1,V2max,1.78614494502,0.121906538667,0.121906538667,0.00940040327222,0.0656534709693,0.262613883877,-10.0,2
sample_0,data_set_212,experiment_2,2,0.5,0.0733213112284,0.244404370761,4.0,0.0880001125402,0.5,ac,1.68389370774,0.226804347978,0.226804349128,0.017600022508,0.0733213118011,0.293285244914,400.0,2
sample_0,data_set_212,experiment_19,2,0.9,0.0656534709693,0.131306941939,-0.1,0.0470020163611,0.1,V2max,1.78614494502,0.121906538667,0.121906538667,0.00940040327222,0.0656534709693,0.262613883877,-10.0,2
sample_0,data_set_213,experiment_3,2,1.0,0.0853862038149,0.3104952866,9.0,0.120411016133,1.0,ac,1.55119491705,0.286412609357,0.286414611409,0.0240822032267,0.0853871720768,0.341544815259,900.0,2
sample_0,data_set_213,experiment_19,2,0.9,0.0656534709693,0.131306941939,-0.1,0.0470020163611,0.1,V2max,1.78614494502,0.121906538667,0.121906538667,0.00940040327222,0.0656534709693,0.262613883877,-10.0,2
sample_0,data_set_214,experiment_4,2,0.09,0.0605849681276,0.114792571189,-0.1,0.0361574591404,0.09,ac,1.86390841272,0.107561079361,0.107561079361,0.00723149182808,0.0605849681276,0.24233987251,-10.0,2
sample_0,data_set_214,experiment_19,2,0.9,0.0656534709693,0.131306941939,-0.1,0.0470020163611,0.1,V2max,1.78614494502,0.121906538667,0.121906538667,0.00940040327222,0.0656534709693,0.262613883877,-10.0,2
sample_0,data_set_215,experiment_5,2,0.05,0.0614524632478,0.0819366176638,-0.5,0.0250044539076,0.05,ac,1.84993323977,0.0769357269015,0.0769357268976,0.00500089078152,0.0614524632479,0.245809852991,-50.0,2
sample_0,data_set_215,experiment_19,2,0.9,0.0656534709693,0.131306941939,-0.1,0.0470020163611,0.1,V2max,1.78614494502,0.121906538667,0.121906538667,0.00940040327222,0.0656534709693,0.262613883877,-10.0,2
sample_0,data_set_216,experiment_11,2,1.1,0.0643131981201,0.12862639624,0.1,0.0410690039957,0.1,V3max,1.80582924286,0.120412595441,0.120412595441,0.00821380079913,0.0643131981201,0.257252792481,10.0,2
sample_0,data_set_216,experiment_19,2,0.9,0.0656534709693,0.131306941939,-0.1,0.0470020163611,0.1,V2max,1.78614494502,0.121906538667,0.121906538667,0.00940040327222,0.0656534709693,0.262613883877,-10.0,2
sample_0,data_set_217,experiment_12,2,1.5,0.0787248415658,0.157449683132,0.5,0.0517416745519,0.1,V3max,1.62079467152,0.14710134822,0.14710134822,0.0103483349104,0.0787248415658,0.314899366263,50.0,2
sample_0,data_set_217,experiment_19,2,0.9,0.0656534709693,0.131306941939,-0.1,0.0470020163611,0.1,V2max,1.78614494502,0.121906538667,0.121906538667,0.00940040327222,0.0656534709693,0.262613883877,-10.0,2
sample_0,data_set_218,experiment_13,2,2.0,0.0986471946397,0.197294389279,1.0,0.0675499463641,0.1,V3max,1.43371788732,0.183784400004,0.183784400012,0.0135099892728,0.0986471946471,0.394588778559,100.0,2
sample_0,data_set_218,experiment_19,2,0.9,0.0656534709693,0.131306941939,-0.1,0.0470020163611,0.1,V2max,1.78614494502,0.121906538667,0.121906538667,0.00940040327222,0.0656534709693,0.262613883877,-10.0,2
sample_0,data_set_219,experiment_14,2,0.9,0.0571230723236,0.114246144647,-0.1,0.0359661558119,0.1,V3max,1.92275196845,0.107052913485,0.107052913485,0.00719323116239,0.0571230723236,0.228492289294,-10.0,2
sample_0,data_set_219,experiment_19,2,0.9,0.0656534709693,0.131306941939,-0.1,0.0470020163611,0.1,V2max,1.78614494502,0.121906538667,0.121906538667,0.00940040327222,0.0656534709693,0.262613883877,-10.0,2
sample_0,data_set_220,experiment_15,2,0.5,0.0416183230096,0.0832366460191,-0.5,0.0254325986789,0.1,V3max,2.26929722372,0.0781501262692,0.0781501262728,0.00508651973577,0.0416183230095,0.166473292038,-50.0,2
sample_0,data_set_220,experiment_19,2,0.9,0.0656534709693,0.131306941939,-0.1,0.0470020163611,0.1,V2max,1.78614494502,0.121906538667,0.121906538667,0.00940040327222,0.0656534709693,0.262613883877,-10.0,2
sample_0,data_set_221,experiment_16,2,1.1,0.057435561185,0.11487112237,0.1,0.0327678159995,0.1,V2max,1.91722698497,0.10831755917,0.10831755917,0.0065535631999,0.057435561185,0.22974224474,10.0,2
sample_0,data_set_221,experiment_19,2,0.9,0.0656534709693,0.131306941939,-0.1,0.0470020163611,0.1,V2max,1.78614494502,0.121906538667,0.121906538667,0.00940040327222,0.0656534709693,0.262613883877,-10.0,2
sample_0,data_set_222,experiment_17,2,1.5,0.050620269802,0.101240539604,0.5,0.0207614450411,0.1,V2max,2.04888046427,0.0970882506082,0.097088250604,0.00415228900821,0.050620269802,0.202481079208,50.0,2
sample_0,data_set_222,experiment_19,2,0.9,0.0656534709693,0.131306941939,-0.1,0.0470020163611,0.1,V2max,1.78614494502,0.121906538667,0.121906538667,0.00940040327222,0.0656534709693,0.262613883877,-10.0,2
sample_0,data_set_223,experiment_18,2,2.0,0.0470218033724,0.0940436067447,1.0,0.0143299275383,0.1,V2max,2.12947508189,0.0911776212371,0.0911776212371,0.00286598550766,0.0470218033724,0.188087213489,100.0,2
sample_0,data_set_223,experiment_19,2,0.9,0.0656534709693,0.131306941939,-0.1,0.0470020163611,0.1,V2max,1.78614494502,0.121906538667,0.121906538667,0.00940040327222,0.0656534709693,0.262613883877,-10.0,2
sample_0,data_set_224,experiment_19,2,0.9,0.0656534709693,0.131306941939,-0.1,0.0470020163611,0.1,V2max,1.78614494502,0.121906538667,0.121906538667,0.00940040327222,0.0656534709693,0.262613883877,-10.0,2
sample_0,data_set_224,experiment_20,1,0.5,1.05378878139,2.10757756277,-0.5,8.12688863404,0.1,V2max,0.0942343933402,0.482199835964,0.482199835964,1.62537772681,1.05378878139,4.21515512554,-50.0,2
sample_0,data_set_225,experiment_0,2,0.1,0.0607357607357,0.121471521471,0.0,0.0385122231262,0.1,wt,1.86145811194,0.113769076846,0.113769076846,0.00770244462524,0.0607357607357,0.242943042943,0.0,2
sample_0,data_set_225,experiment_20,1,0.5,1.05378878139,2.10757756277,-0.5,8.12688863404,0.1,V2max,0.0942343933402,0.482199835964,0.482199835964,1.62537772681,1.05378878139,4.21515512554,-50.0,2
sample_0,data_set_226,experiment_1,2,0.2,0.0638976219894,0.170393658638,1.0,0.0567377510139,0.2,ac,1.81205552469,0.159046108388,0.159046108367,0.0113475502028,0.06389762199,0.255590487958,100.0,2
sample_0,data_set_226,experiment_20,1,0.5,1.05378878139,2.10757756277,-0.5,8.12688863404,0.1,V2max,0.0942343933402,0.482199835964,0.482199835964,1.62537772681,1.05378878139,4.21515512554,-50.0,2
sample_0,data_set_227,experiment_2,2,0.5,0.0733213112284,0.244404370761,4.0,0.0880001125402,0.5,ac,1.68389370774,0.226804347978,0.226804349128,0.017600022508,0.0733213118011,0.293285244914,400.0,2
sample_0,data_set_227,experiment_20,1,0.5,1.05378878139,2.10757756277,-0.5,8.12688863404,0.1,V2max,0.0942343933402,0.482199835964,0.482199835964,1.62537772681,1.05378878139,4.21515512554,-50.0,2
sample_0,data_set_228,experiment_3,2,1.0,0.0853862038149,0.3104952866,9.0,0.120411016133,1.0,ac,1.55119491705,0.286412609357,0.286414611409,0.0240822032267,0.0853871720768,0.341544815259,900.0,2
sample_0,data_set_228,experiment_20,1,0.5,1.05378878139,2.10757756277,-0.5,8.12688863404,0.1,V2max,0.0942343933402,0.482199835964,0.482199835964,1.62537772681,1.05378878139,4.21515512554,-50.0,2
sample_0,data_set_229,experiment_4,2,0.09,0.0605849681276,0.114792571189,-0.1,0.0361574591404,0.09,ac,1.86390841272,0.107561079361,0.107561079361,0.00723149182808,0.0605849681276,0.24233987251,-10.0,2
sample_0,data_set_229,experiment_20,1,0.5,1.05378878139,2.10757756277,-0.5,8.12688863404,0.1,V2max,0.0942343933402,0.482199835964,0.482199835964,1.62537772681,1.05378878139,4.21515512554,-50.0,2
sample_0,data_set_230,experiment_5,2,0.05,0.0614524632478,0.0819366176638,-0.5,0.0250044539076,0.05,ac,1.84993323977,0.0769357269015,0.0769357268976,0.00500089078152,0.0614524632479,0.245809852991,-50.0,2
sample_0,data_set_230,experiment_20,1,0.5,1.05378878139,2.10757756277,-0.5,8.12688863404,0.1,V2max,0.0942343933402,0.482199835964,0.482199835964,1.62537772681,1.05378878139,4.21515512554,-50.0,2
sample_0,data_set_231,experiment_11,2,1.1,0.0643131981201,0.12862639624,0.1,0.0410690039957,0.1,V3max,1.80582924286,0.120412595441,0.120412595441,0.00821380079913,0.0643131981201,0.257252792481,10.0,2
sample_0,data_set_231,experiment_20,1,0.5,1.05378878139,2.10757756277,-0.5,8.12688863404,0.1,V2max,0.0942343933402,0.482199835964,0.482199835964,1.62537772681,1.05378878139,4.21515512554,-50.0,2
sample_0,data_set_232,experiment_12,2,1.5,0.0787248415658,0.157449683132,0.5,0.0517416745519,0.1,V3max,1.62079467152,0.14710134822,0.14710134822,0.0103483349104,0.0787248415658,0.314899366263,50.0,2
sample_0,data_set_232,experiment_20,1,0.5,1.05378878139,2.10757756277,-0.5,8.12688863404,0.1,V2max,0.0942343933402,0.482199835964,0.482199835964,1.62537772681,1.05378878139,4.21515512554,-50.0,2
sample_0,data_set_233,experiment_13,2,2.0,0.0986471946397,0.197294389279,1.0,0.0675499463641,0.1,V3max,1.43371788732,0.183784400004,0.183784400012,0.0135099892728,0.0986471946471,0.394588778559,100.0,2
sample_0,data_set_233,experiment_20,1,0.5,1.05378878139,2.10757756277,-0.5,8.12688863404,0.1,V2max,0.0942343933402,0.482199835964,0.482199835964,1.62537772681,1.05378878139,4.21515512554,-50.0,2
sample_0,data_set_234,experiment_14,2,0.9,0.0571230723236,0.114246144647,-0.1,0.0359661558119,0.1,V3max,1.92275196845,0.107052913485,0.107052913485,0.00719323116239,0.0571230723236,0.228492289294,-10.0,2
sample_0,data_set_234,experiment_20,1,0.5,1.05378878139,2.10757756277,-0.5,8.12688863404,0.1,V2max,0.0942343933402,0.482199835964,0.482199835964,1.62537772681,1.05378878139,4.21515512554,-50.0,2
sample_0,data_set_235,experiment_15,2,0.5,0.0416183230096,0.0832366460191,-0.5,0.0254325986789,0.1,V3max,2.26929722372,0.0781501262692,0.0781501262728,0.00508651973577,0.0416183230095,0.166473292038,-50.0,2
sample_0,data_set_235,experiment_20,1,0.5,1.05378878139,2.10757756277,-0.5,8.12688863404,0.1,V2max,0.0942343933402,0.482199835964,0.482199835964,1.62537772681,1.05378878139,4.21515512554,-50.0,2
sample_0,data_set_236,experiment_16,2,1.1,0.057435561185,0.11487112237,0.1,0.0327678159995,0.1,V2max,1.91722698497,0.10831755917,0.10831755917,0.0065535631999,0.057435561185,0.22974224474,10.0,2
sample_0,data_set_236,experiment_20,1,0.5,1.05378878139,2.10757756277,-0.5,8.12688863404,0.1,V2max,0.0942343933402,0.482199835964,0.482199835964,1.62537772681,1.05378878139,4.21515512554,-50.0,2
sample_0,data_set_237,experiment_17,2,1.5,0.050620269802,0.101240539604,0.5,0.0207614450411,0.1,V2max,2.04888046427,0.0970882506082,0.097088250604,0.00415228900821,0.050620269802,0.202481079208,50.0,2
sample_0,data_set_237,experiment_20,1,0.5,1.05378878139,2.10757756277,-0.5,8.12688863404,0.1,V2max,0.0942343933402,0.482199835964,0.482199835964,1.62537772681,1.05378878139,4.21515512554,-50.0,2
sample_0,data_set_238,experiment_18,2,2.0,0.0470218033724,0.0940436067447,1.0,0.0143299275383,0.1,V2max,2.12947508189,0.0911776212371,0.0911776212371,0.00286598550766,0.0470218033724,0.188087213489,100.0,2
sample_0,data_set_238,experiment_20,1,0.5,1.05378878139,2.10757756277,-0.5,8.12688863404,0.1,V2max,0.0942343933402,0.482199835964,0.482199835964,1.62537772681,1.05378878139,4.21515512554,-50.0,2
sample_0,data_set_239,experiment_19,2,0.9,0.0656534709693,0.131306941939,-0.1,0.0470020163611,0.1,V2max,1.78614494502,0.121906538667,0.121906538667,0.00940040327222,0.0656534709693,0.262613883877,-10.0,2
sample_0,data_set_239,experiment_20,1,0.5,1.05378878139,2.10757756277,-0.5,8.12688863404,0.1,V2max,0.0942343933402,0.482199835964,0.482199835964,1.62537772681,1.05378878139,4.21515512554,-50.0,2
