sample_name,experiment_id,E,parameter_value,v6,v1,parameter_change,pep,acetate,parameter_name,fdp,v2,v3,v4,v5,final_ss,parameter_change_percentage,initial_ss
sample_0,experiment_0,0.242943042943,0.1,0.0607357607357,0.121471521471,0,0.0385122231262,0.1,wt,1.86145811194,0.113769076846,0.113769076846,0.00770244462524,0.0607357607357,2,0.0,2
sample_0,experiment_1,0.255590487958,0.2,0.0638976219894,0.170393658638,1,0.0567377510139,0.2,ac,1.81205552469,0.159046108388,0.159046108367,0.0113475502028,0.06389762199,2,100.0,2
sample_0,experiment_2,0.293285244914,0.5,0.0733213112284,0.244404370761,4,0.0880001125402,0.5,ac,1.68389370774,0.226804347978,0.226804349128,0.017600022508,0.0733213118011,2,400.0,2
sample_0,experiment_3,0.341544815259,1.0,0.0853862038149,0.3104952866,9,0.120411016133,1.0,ac,1.55119491705,0.286412609357,0.286414611409,0.0240822032267,0.0853871720768,2,900.0,2
sample_0,experiment_4,0.24233987251,0.09,0.0605849681276,0.114792571189,-0.1,0.0361574591404,0.09,ac,1.86390841272,0.107561079361,0.107561079361,0.00723149182808,0.0605849681276,2,-10.0,2
sample_0,experiment_5,0.245809852991,0.05,0.0614524632478,0.0819366176638,-0.5,0.0250044539076,0.05,ac,1.84993323977,0.0769357269015,0.0769357268976,0.00500089078152,0.0614524632479,2,-50.0,2
sample_0,experiment_6,0.24508349679,1.1,0.0612708741976,0.134795923235,0.1,0.0433026126071,0.1,k1cat,1.85283450562,0.126135400713,0.126135400713,0.00866052252142,0.0612708741976,2,10.0,2
sample_0,experiment_7,0.269449204626,1.5,0.0673623011565,0.20208690347,0.5,0.0695395845095,0.1,k1cat,1.76188697268,0.188178986567,0.188178986571,0.0139079169019,0.067362301158,2,50.0,2
sample_0,experiment_8,1.2782809399,2,0.319570234975,1.2782809399,1,2.03411205622,0.1,k1cat,0.703243850329,0.871471466333,0.871467859546,0.406822411244,0.319560130081,1,100.0,2
sample_0,experiment_9,0.242109238211,0.9,0.0605273095527,0.108949157195,-0.1,0.0341221328255,0.1,k1cat,1.86484770636,0.10212473067,0.10212473067,0.00682442656511,0.0605273095527,2,-10.0,2
sample_0,experiment_10,0.255163918699,0.5,0.0637909796747,0.0637909796747,-0.5,0.019136598478,0.1,k1cat,1.8136628702,0.0599636599791,0.0599636599791,0.0038273196956,0.0637909796747,2,-50.0,2
sample_0,experiment_11,0.257252792481,1.1,0.0643131981201,0.12862639624,0.1,0.0410690039957,0.1,V3max,1.80582924286,0.120412595441,0.120412595441,0.00821380079913,0.0643131981201,2,10.0,2
sample_0,experiment_12,0.314899366263,1.5,0.0787248415658,0.157449683132,0.5,0.0517416745519,0.1,V3max,1.62079467152,0.14710134822,0.14710134822,0.0103483349104,0.0787248415658,2,50.0,2
sample_0,experiment_13,0.394588778559,2,0.0986471946397,0.197294389279,1,0.0675499463641,0.1,V3max,1.43371788732,0.183784400004,0.183784400012,0.0135099892728,0.0986471946471,2,100.0,2
sample_0,experiment_14,0.228492289294,0.9,0.0571230723236,0.114246144647,-0.1,0.0359661558119,0.1,V3max,1.92275196845,0.107052913485,0.107052913485,0.00719323116239,0.0571230723236,2,-10.0,2
sample_0,experiment_15,0.166473292038,0.5,0.0416183230096,0.0832366460191,-0.5,0.0254325986789,0.1,V3max,2.26929722372,0.0781501262692,0.0781501262728,0.00508651973577,0.0416183230095,2,-50.0,2
sample_0,experiment_16,0.22974224474,1.1,0.057435561185,0.11487112237,0.1,0.0327678159995,0.1,V2max,1.91722698497,0.10831755917,0.10831755917,0.0065535631999,0.057435561185,2,10.0,2
sample_0,experiment_17,0.202481079208,1.5,0.050620269802,0.101240539604,0.5,0.0207614450411,0.1,V2max,2.04888046427,0.0970882506082,0.097088250604,0.00415228900821,0.050620269802,2,50.0,2
sample_0,experiment_18,0.188087213489,2,0.0470218033724,0.0940436067447,1,0.0143299275383,0.1,V2max,2.12947508189,0.0911776212371,0.0911776212371,0.00286598550766,0.0470218033724,2,100.0,2
sample_0,experiment_19,0.262613883877,0.9,0.0656534709693,0.131306941939,-0.1,0.0470020163611,0.1,V2max,1.78614494502,0.121906538667,0.121906538667,0.00940040327222,0.0656534709693,2,-10.0,2
sample_0,experiment_20,4.21515512554,0.5,1.05378878139,2.10757756277,-0.5,8.12688863404,0.1,V2max,0.0942343933402,0.482199835964,0.482199835964,1.62537772681,1.05378878139,1,-50.0,2
