sample_name,experiment_id,parameter_change_percentage,v5,parameter_name,v6,acetate,v4,parameter_change,final_ss,parameter_value,v2,pep,fdp,E,initial_ss,v1,v3
sample_0,experiment_0,0.0,0.4724796139810349,wt,0.4724796139837056,0.1,0.18744113848506438,0,1,0.1,0.7575180894844548,0.9372056924253218,0.518602846211178,1.8899184559348223,1,0.9449592279674113,0.7575180894841047
sample_0,experiment_1,100.0,0.3816840779422485,ac,0.3816840280232336,0.2,0.22693246239875126,1,1,0.2,0.7908915585974453,1.1346623119937562,0.6173312165786313,1.5267361120929344,1,1.017824074728623,0.7908915694172857
sample_0,experiment_2,400.0,0.32173000589485656,ac,0.32173013765095837,0.5,0.25995795075001554,4,1,0.5,0.8124753585296017,1.2997897537500775,0.6998933605818307,1.2869205506038335,1,1.0724337921698612,0.8124751384760001
sample_0,experiment_3,900.0,0.3007191406466246,ac,0.30071840215080703,1.0,0.2734545878428573,9,1,1.0,0.8200654536255012,1.3672729392142866,0.7336377739003261,1.2028736086032281,1,1.093521462366571,0.8200656285156889
sample_0,experiment_4,-10.0,0.4912397522364434,ac,0.49123975231682715,0.09000000000000001,0.18037747324357123,-0.1,1,0.09000000000000001,0.750392583837493,0.901887366217856,0.5009436830862055,1.9649590092673086,1,0.9307700570213568,0.7503925838318288
sample_0,experiment_5,-50.0,0.6244673149252195,ac,0.6244673149186194,0.05,0.13707527747225143,-0.5,1,0.05,0.6955478090931618,0.6853763873612572,0.39268819367271,2.4978692596744776,1,0.8326230865581592,0.6955478090903151
sample_0,experiment_6,10.0,0.44069886483213067,k1cat,0.44069886631601396,0.1,0.2001625519382344,0.1,1,1.1,0.7693749559535198,1.000812759691172,0.5504063803205981,1.7627954652640558,1,0.9695375058952308,0.7693749560556077
sample_0,experiment_7,50.0,0.3489250833605469,k1cat,0.34892520745807043,0.1,0.24408755809006477,0.5,1,1.5,0.8026884086384449,1.2204377904503239,0.6602190440812773,1.3957008298322817,1,1.0467756223742113,0.8026884324444751
sample_0,experiment_8,100.0,0.27914456449198005,k1cat,0.27914470571338407,0.1,0.28866599112183305,1,1,2,0.8279155365656685,1.4433299556091652,0.7716693753832072,1.1165788228535363,1,1.1165788228535363,0.8279160778420379
sample_0,experiment_9,-10.0,0.5095117048716317,k1cat,0.509511704897565,0.1,0.17377648287548636,-0.1,1,0.9,0.7433445859823415,0.8688824143774317,0.48444120723722495,2.03804681959026,1,0.9171210688156171,0.7433445859950774
sample_0,experiment_10,-50.0,0.7417035232693036,k1cat,0.7417035232692475,0.1,0.10510613372892744,-0.5,1,0.5,0.6365973895403034,0.5255306686446372,0.31276533432230735,2.96681409307699,1,0.7417035232692474,0.6365973895402979
sample_0,experiment_11,10.0,0.5751674170546134,V3max,0.575167417039712,0.1,0.31173858129971266,0.1,1,1.1,0.8385962528015749,1.558692906498563,0.42985874923058964,2.300669668158848,1,1.150334834079424,0.8385962527971723
sample_0,experiment_12,50.0,0.950895518326556,V3max,0.9508955183214779,0.1,0.9605810744958275,0.5,1,1.5,0.9412099621486316,4.802905372479137,0.1781933375382155,3.8035820732859116,1,1.9017910366429558,0.9412099621428373
sample_0,experiment_13,100.0,1.054345353258945,V3max,1.0543453532585159,0.1,1.1579536643426362,1,1,2,0.950737042174438,5.789768321713181,0.09364046528317026,4.217381413034063,1,2.1086907065170317,0.9507370421721447
sample_0,experiment_14,-10.0,0.38803574883763003,V3max,0.3880357489667207,0.1,0.11633429554922539,-0.1,2,0.9,0.6597372064627641,0.5816714777461269,0.6095449514406514,1.5521429958668829,1,0.7760714979334415,0.6597372101518254
sample_0,experiment_15,-50.0,0.10696338888163469,V3max,0.1069633889895095,0.1,0.014908112596704695,-0.5,2,0.5,0.19901866540100924,0.07454056298352348,1.3711266334954997,0.427853555958038,1,0.213926777979019,0.19901866523451686
sample_0,experiment_16,10.0,0.42154216447045667,V2max,0.4215421651257844,0.1,0.1166674917859581,0.1,1,1.1,0.7264168391547527,0.5833374589297905,0.5708913128254524,1.6861686605031376,1,0.8430843302515689,0.7264168394135915
sample_0,experiment_17,50.0,0.3029727973696921,V2max,0.3029727973682811,0.1,0.03669615457119503,0.5,2,1.5,0.5692494401756671,0.18348077285597514,0.7298729483198564,1.2118911894731244,1,0.6059455947365622,0.569249440171447
sample_0,experiment_18,100.0,0.18792211896467934,V2max,0.18792211894832994,0.1,0.013285089913679408,1,2,2,0.3625591489163094,0.06642544956839704,0.9913785664026742,0.7516884757933198,1,0.3758442378966599,0.3625591486775925
sample_0,experiment_19,-10.0,0.5650447827019879,V2max,0.5650447826790419,0.1,0.35897541075468187,-0.1,1,0.9,0.7711141546404067,1.7948770537734091,0.4378544751946412,2.2601791307161676,1,1.1300895653580838,0.7711141546346513
sample_0,experiment_20,-50.0,1.0527281478688457,V2max,1.0527281478688457,0.1,1.6232786568058981,-0.5,1,0.5,0.48217763893179366,8.11639328402949,0.09535768636813051,4.210912591475383,1,2.1054562957376914,0.48217763893179405
