sample_name,experiment_id,parameter_value,v6,v1,parameter_change,pep,E,parameter_name,fdp,v2,v3,v4,v5,final_ss,parameter_change_percentage,initial_ss
sample_0,experiment_0,[ 0.1],0.468842455052,0.950491615031,0,0.902280098279,1.69057601982,ac,0.556851903036,0.77900709371,0.774054548274,0.195421200271,0.460624530077,1,0.0,1
sample_0,experiment_1,[ 0.2],0.378745811901,1.02378304854,1,1.09237832528,1.36570095201,ac,0.662861884729,0.813327283306,0.808156560893,0.23659380705,0.372107167447,1,100.0,1
sample_0,experiment_2,[ 0.5],0.319253482783,1.07871260088,4,1.25135231268,1.15118047954,ac,0.751513261977,0.835523382285,0.830211293385,0.271025340548,0.313657449376,1,400.0,1
sample_0,experiment_3,[ 1.],0.298403436966,1.09992352316,9,1.31632012225,1.07599832168,ac,0.787746477457,0.843328723903,0.837967459733,0.285096455881,0.293173760682,1,900.0,1
sample_0,experiment_4,[ 0.09],0.487458177524,0.936219371954,-0.1,0.868277933218,1.7577015407,ac,0.537890305153,0.771679454292,0.766773494348,0.188056808747,0.478913953889,1,-10.0,1
sample_0,experiment_5,[ 0.05],0.619660151372,0.8374977873,-0.5,0.659835380165,2.23440215591,ac,0.421650535764,0.715278862458,0.710731469865,0.142911078521,0.608798676112,1,-50.0,1
sample_0,experiment_6,[ 1.1],0.437306356419,0.975213789934,0.1,0.963516808898,1.57686154808,k1cat,0.591001077218,0.791200312143,0.786170248122,0.20868421196,0.429641197558,1,10.0,1
sample_0,experiment_7,[ 1.5],0.346239170732,1.05290409933,0.5,1.17495744641,1.24848684852,k1cat,0.708912901574,0.825458799939,0.820210959693,0.254479285183,0.340170109855,1,50.0,1
sample_0,experiment_8,[2],0.276995798549,1.12311579757,1,1.38954344379,0.998805567996,k1cat,0.828583304273,0.851401565365,0.845989337802,0.300955599189,0.272140396115,1,100.0,1
sample_0,experiment_9,[ 0.9],0.505589472229,0.922490474019,-0.1,0.836502933033,1.82308028724,k1cat,0.520170705011,0.764431521371,0.759571640238,0.181174789864,0.496727441151,1,-10.0,1
sample_0,experiment_10,[ 0.5],0.73599387271,0.746045923516,-0.5,0.505946418594,2.65388421747,k1cat,0.335833042348,0.654656158351,0.650494175191,0.109580890217,0.723093286506,1,-50.0,1
sample_0,experiment_11,[ 1.1],0.570739765214,1.15706961977,0.1,1.50060717816,2.05800253418,V3max,0.461562570061,0.862385253672,0.856902630682,0.325010444596,0.560735772225,1,10.0,1
sample_0,experiment_12,[ 1.5],0.943575503034,1.9129253209,0.5,4.62392190801,3.40239263986,V3max,0.191335816681,0.967909872313,0.961756375487,1.00147656027,0.927036401879,1,50.0,1
sample_0,experiment_13,[2],1.04622897879,2.12103631194,1,5.57400875281,3.77254577467,V3max,0.100546828218,0.977707213163,0.971491429644,1.20725203058,1.02789055558,1,100.0,1
sample_0,experiment_14,[ 0.9],0.385048640829,0.78061510971,-0.1,0.559995104654,1.3884280138,V3max,0.654501358276,0.678452398033,0.674139133741,0.121287076714,0.378299461926,2,-10.0,1
sample_0,experiment_15,[ 0.5],0.106139982425,0.215179240334,-0.5,0.0717627593353,0.382724958243,V3max,1.47225276644,0.204664356335,0.203363200424,0.0155428060431,0.104279548358,2,-50.0,1
sample_0,experiment_16,[ 1.1],0.418297124065,0.848020277881,0.1,0.561599000891,1.50831708922,V2max,0.612996855502,0.747023574467,0.742274364663,0.121634458119,0.410965162652,2,10.0,1
sample_0,experiment_17,[ 1.5],0.300640505896,0.60949318244,0.5,0.176643239767,1.08406485884,V2max,0.783704029383,0.585397706255,0.581676034403,0.038258445466,0.295370844144,2,50.0,1
sample_0,experiment_18,[2],0.186475490212,0.378044667126,1,0.063950060761,0.672402826662,V2max,1.06449674422,0.372844097075,0.370473736998,0.0138506852309,0.183206926128,2,100.0,1
sample_0,experiment_19,[ 0.9],0.560695055123,1.13670582248,-0.1,1.72798976603,2.02178280659,V2max,0.470148013146,0.792988847301,0.787947412666,0.374258320424,0.550867126987,1,-10.0,1
sample_0,experiment_20,[ 0.5],1.04462422269,2.11778296488,-0.5,7.81393048781,3.76675926331,V2max,0.102390701301,0.495855883065,0.492703474261,1.69238762739,1.02631392782,1,-50.0,1
sample_1,experiment_0,[ 0.1],0.52135577694,0.947275389866,0,0.865036873007,1.91346750444,ac,0.479115982448,0.725072960343,0.819832521863,0.178783202622,0.47087940062,1,0.0,1
sample_1,experiment_1,[ 0.2],0.421167739607,1.02031882355,1,1.0472884556,1.54575976579,ac,0.570327085888,0.757017010237,0.855951344585,0.216450408073,0.380391378515,1,100.0,1
sample_1,experiment_2,[ 0.5],0.35501189315,1.07506250807,4,1.19970050725,1.30295616022,ac,0.6466028272,0.777676374349,0.879310405,0.247950469588,0.320640396068,1,400.0,1
sample_1,experiment_3,[ 1.],0.331826510258,1.09620165791,9,1.26198665425,1.2178617224,ac,0.677777925171,0.784941317376,0.88752527491,0.260823581923,0.299700679607,1,900.0,1
sample_1,experiment_4,[ 0.09],0.542056578132,0.933051440479,-0.1,0.83243820814,1.98944308992,ac,0.462801403026,0.718252646063,0.812120862762,0.172045809236,0.489576001345,1,-10.0,1
sample_1,experiment_5,[ 0.05],0.68906600965,0.834663904901,-0.5,0.632599494376,2.52899358978,ac,0.362788579137,0.665756918596,0.752764484888,0.130743748747,0.622352343368,1,-50.0,1
sample_1,experiment_6,[ 1.1],0.486287435693,0.971913911132,0.1,0.92374592884,1.78476051704,k1cat,0.508497969021,0.736421987915,0.832664750267,0.190917012581,0.43920628707,1,10.0,1
sample_1,experiment_7,[ 1.5],0.385020148919,1.04934133601,0.5,1.12645897576,1.41309174291,k1cat,0.60994943082,0.7683086079,0.868718646566,0.232813131547,0.347743307137,1,50.0,1
sample_1,experiment_8,[2],0.308021080867,1.11931545548,1,1.33218755219,1.13049160476,k1cat,0.712913975336,0.792455240041,0.896021570865,0.275332491025,0.278199049855,1,100.0,1
sample_1,experiment_9,[ 0.9],0.562218692582,0.919368997691,-0.1,0.801974777935,2.0634416002,k1cat,0.44755543981,0.711506519844,0.804493087393,0.165749719688,0.507786069756,1,-10.0,1
sample_1,experiment_10,[ 0.5],0.818429843959,0.74352149128,-0.5,0.485062575008,3.00378164076,k1cat,0.288951114553,0.609331394508,0.688964726444,0.100251264816,0.739191491356,1,-50.0,1
sample_1,experiment_11,[ 1.1],0.634666230664,1.15315438647,0.1,1.43866693224,2.32933682191,V3max,0.397128936815,0.802678478649,0.907580281351,0.297339327001,0.573219416448,1,10.0,1
sample_1,experiment_12,[ 1.5],1.04926193049,1.90645246153,0.5,4.43306125888,3.85097604447,V3max,0.164625544578,0.900897157586,1.01863512913,0.916211683006,0.947674986387,1,50.0,1
sample_1,experiment_13,[2],1.16341324515,2.11385925719,1,5.34393156941,4.26993146962,V3max,0.0865106002533,0.91001618486,1.02894591926,1.10446760177,1.05077445318,1,100.0,1
sample_1,experiment_14,[ 0.9],0.428176525261,0.77797370402,-0.1,0.536880304856,1.57148324328,V3max,0.563133679843,0.63148011445,0.714008059683,0.11096079638,0.386721531868,2,-10.0,1
sample_1,experiment_15,[ 0.5],0.11802833213,0.21445112777,-0.5,0.0688006230573,0.433184761967,V3max,1.26672788,0.190494530695,0.21539020193,0.0142195045279,0.106601120917,2,-50.0,1
sample_1,experiment_16,[ 1.1],0.465149049022,0.845150790013,0.1,0.538417997406,1.7071789158,V2max,0.527423160557,0.695303802697,0.78617284228,0.111278602021,0.42011446814,2,10.0,1
sample_1,experiment_17,[ 1.5],0.334314145065,0.607430810421,0.5,0.169351974024,1.22699178018,V2max,0.674299798455,0.544868013757,0.616076646349,0.035001153397,0.301946676675,2,50.0,1
sample_1,experiment_18,[2],0.207361925167,0.376765458817,1,0.0613104075939,0.76105477874,V2max,0.91589415541,0.347030438356,0.392383739317,0.0126714494673,0.187285656607,2,100.0,1
sample_1,experiment_19,[ 0.9],0.623496449479,1.13285949516,-0.1,1.65666389699,2.28834175812,V2max,0.404515861374,0.738086694812,0.834547017212,0.342394279844,0.563131065847,1,-10.0,1
sample_1,experiment_20,[ 0.5],1.1616287462,2.11061691864,-0.5,7.49139652749,4.26338204426,V2max,0.0880970706573,0.461525570101,0.521842204448,1.54829915936,1.04916272501,1,-50.0,1
sample_2,experiment_0,[ 0.1],0.432190386738,0.902383109016,0,0.826238802597,1.94219711546,ac,0.485868662376,0.781508116925,0.814154636233,0.194998722114,0.478930232186,1,0.0,1
sample_2,experiment_1,[ 0.2],0.34913710812,0.971964944975,1,1.00031615591,1.56896845719,ac,0.578365298777,0.815938492412,0.850023312078,0.236082318452,0.386895096693,1,100.0,1
sample_2,experiment_2,[ 0.5],0.29429563109,1.02411427426,4,1.14589232149,1.32251929551,ac,0.655716073455,0.838205852564,0.87322059546,0.270439414936,0.326122525502,1,400.0,1
sample_2,experiment_3,[ 1.],0.275075551364,1.0442516197,9,1.2053848508,1.23614721379,ac,0.687330554511,0.84603625344,0.88137857193,0.284480110136,0.304824793528,1,900.0,1
sample_2,experiment_4,[ 0.09],0.449350812821,0.888833246107,-0.1,0.795102231815,2.01931343054,ac,0.469324144616,0.774156951923,0.806496385501,0.187650251557,0.49794649689,1,-10.0,1
sample_2,experiment_5,[ 0.05],0.571217810123,0.795108389329,-0.5,0.604226553881,2.56696496998,ac,0.367901735965,0.717575284474,0.747551090033,0.142602121207,0.632992974248,1,-50.0,1
sample_2,experiment_6,[ 1.1],0.403119643426,0.925853987347,0.1,0.882314678096,1.81155766688,k1cat,0.51566475985,0.793740482013,0.826897992917,0.208233060697,0.446715589526,1,10.0,1
sample_2,experiment_7,[ 1.5],0.319171695076,0.999612052987,0.5,1.07593577147,1.43430850045,k1cat,0.618546082632,0.828108957606,0.862702191999,0.253929130239,0.353688826925,1,50.0,1
sample_2,experiment_8,[2],0.255341469207,1.06627003244,1,1.27243714379,1.14746528421,k1cat,0.72296181358,0.854135012977,0.889816025383,0.3003049678,0.282955540985,1,100.0,1
sample_2,experiment_9,[ 0.9],0.466064681598,0.875799227284,-0.1,0.766005127539,2.09442298578,k1cat,0.453863304181,0.766885749319,0.798921437551,0.180783110807,0.516467910826,1,-10.0,1
sample_2,experiment_10,[ 0.5],0.678457066027,0.708285301296,-0.5,0.463306864326,3.04888168973,k1cat,0.293023603184,0.656757949545,0.68419318736,0.109343988937,0.751829772377,1,-50.0,1
sample_2,experiment_11,[ 1.1],0.526121807435,1.09850530434,0.1,1.37414078003,2.36431047089,V3max,0.402726088025,0.865153964711,0.901294684109,0.324307809398,0.583020000134,1,10.0,1
sample_2,experiment_12,[ 1.5],0.869810865417,1.81610386782,0.5,4.23423248265,3.90879622881,V3max,0.166945783625,0.971017372976,1.01158040318,0.999311483139,0.96387780113,1,50.0,1
sample_2,experiment_13,[2],0.964439337966,2.01368145835,1,5.10424903128,4.33404202803,V3max,0.0877298841331,0.980846168453,1.02181978424,1.20464209055,1.06874000471,1,100.0,1
sample_2,experiment_14,[ 0.9],0.354947209238,0.741104790937,-0.1,0.512800499104,1.59507815786,V3max,0.571070508578,0.680630587694,0.709063078856,0.121024868005,0.393333479453,2,-10.0,1
sample_2,experiment_15,[ 0.5],0.097842419257,0.204288085048,-0.5,0.0657148223233,0.439688781338,V3max,1.28458119369,0.205321436752,0.213898481487,0.0155092042842,0.108423727019,2,-50.0,1
sample_2,experiment_16,[ 1.1],0.385596470356,0.805098290992,0.1,0.51426922407,1.73281122264,V2max,0.534856683797,0.749421913734,0.780728072323,0.121371498411,0.427297349398,2,10.0,1
sample_2,experiment_17,[ 1.5],0.277137735954,0.57864408712,0.5,0.161756309587,1.24541435412,V2max,0.683803406937,0.587277141327,0.611809905711,0.0381757351074,0.307109191392,2,50.0,1
sample_2,experiment_18,[2],0.171897645709,0.358910185712,1,0.0585605531253,0.772481577319,V2max,0.928802804477,0.374041123071,0.389666220878,0.0138207416425,0.190487761592,2,100.0,1
sample_2,experiment_19,[ 0.9],0.516862349185,1.07917220721,-0.1,1.58236028691,2.32269988986,V2max,0.410217124195,0.795534759312,0.828767223912,0.373449216983,0.57275916458,1,-10.0,1
sample_2,experiment_20,[ 0.5],0.962960034728,2.01059277731,-0.5,7.15539728976,4.32739426684,V2max,0.0893387143148,0.497447841706,0.518228100012,1.68872888,1.06710072011,1,-50.0,1
sample_3,experiment_0,[ 0.1],0.465586222739,0.996682310552,0,0.904464413554,1.86658915054,ac,0.500316559052,0.81103669509,0.729882528056,0.167059095858,0.485488030549,1,0.0,1
sample_3,experiment_1,[ 0.2],0.376115324116,1.07353546122,1,1.09502284628,1.50788994403,ac,0.595563695637,0.846767991209,0.762038483005,0.202256190405,0.392192695093,1,100.0,1
sample_3,experiment_2,[ 0.5],0.317036184637,1.13113440504,4,1.25438169122,1.27103482377,ac,0.675214589848,0.869876703447,0.782834645166,0.231690565218,0.330587989614,1,400.0,1
sample_3,experiment_3,[ 1.],0.296330947789,1.1533761068,9,1.31950678031,1.18802512853,ac,0.707769166018,0.878002968947,0.790148199895,0.243719494536,0.308998636392,1,900.0,1
sample_3,experiment_4,[ 0.09],0.484072654196,0.981716484467,-0.1,0.870379933203,1.9407033977,ac,0.483280069898,0.803407772959,0.723016973093,0.160763522052,0.50476467729,1,-10.0,1
sample_3,experiment_5,[ 0.05],0.615356451086,0.878197362848,-0.5,0.661432764949,2.46703536147,ac,0.378841742348,0.744688218322,0.67017302999,0.122169936182,0.641660291555,1,-50.0,1
sample_3,experiment_6,[ 1.1],0.434269150481,1.0226059,0.1,0.965849371134,1.74103537672,k1cat,0.530998679789,0.823731249042,0.741306836141,0.1783972042,0.452832285789,1,10.0,1
sample_3,experiment_7,[ 1.5],0.343834449991,1.10407169712,0.5,1.17780188186,1.37847217677,k1cat,0.636939304058,0.859398306435,0.773404988234,0.217545891838,0.358531745275,1,50.0,1
sample_3,experiment_8,[2],0.275071990968,1.17769544774,1,1.392907367,1.10279550571,k1cat,0.74445996399,0.886407732796,0.7977123033,0.257276949604,0.286829937,1,100.0,1
sample_3,experiment_9,[ 0.9],0.502078022362,0.967320408269,-0.1,0.838528009434,2.01288900636,k1cat,0.467359482534,0.795861834533,0.716226098345,0.154880312601,0.523539697471,1,-10.0,1
sample_3,experiment_10,[ 0.5],0.730882204592,0.782301246081,-0.5,0.507171256084,2.9301915022,k1cat,0.301737017055,0.681572955337,0.613373223028,0.0936770648095,0.762124273995,1,-50.0,1
sample_3,experiment_11,[ 1.1],0.566775829683,1.2132993115,0.1,1.50423997377,2.27227001746,V3max,0.414701638948,0.897843025666,0.808002820699,0.277840638289,0.591003057676,1,10.0,1
sample_3,experiment_12,[ 1.5],0.937022126715,2.00588705739,0.5,4.63511588567,3.75663035141,V3max,0.171910119914,1.00770638717,0.90687300563,0.856129060968,0.977075790819,1,50.0,1
sample_3,experiment_13,[2],1.03896264749,2.22411154262,1,5.58750278031,4.16532171895,V3max,0.090338639131,1.01790655481,0.916052521408,1.0320396785,1.08337383023,1,100.0,1
sample_3,experiment_14,[ 0.9],0.382374378265,0.818550378451,-0.1,0.561350787732,1.53298321783,V3max,0.588051985963,0.706347599552,0.63566886377,0.103684294984,0.398719236029,2,-10.0,1
sample_3,experiment_15,[ 0.5],0.10540281275,0.225636227662,-0.5,0.071936488637,0.42257209751,V3max,1.32277978066,0.213079321747,0.191758122434,0.0132870288436,0.109908329351,2,-50.0,1
sample_3,experiment_16,[ 1.1],0.415391942171,0.889231211079,0.1,0.562958566815,1.66535445984,V2max,0.550761298978,0.777738143698,0.699915905151,0.103981259813,0.433148159536,2,10.0,1
sample_3,experiment_17,[ 1.5],0.298552479696,0.639112501083,0.5,0.177070872525,1.19693150753,V2max,0.704137134413,0.609466877552,0.548482242558,0.0327058747956,0.311314313594,2,50.0,1
sample_3,experiment_18,[2],0.185180369622,0.396416366399,1,0.0641048764273,0.742409573022,V2max,0.956421887555,0.388173928989,0.349332367262,0.011840490942,0.193096033626,2,100.0,1
sample_3,experiment_19,[ 0.9],0.556800882707,1.19194590215,-0.1,1.73217302846,2.23227929846,V2max,0.422415430207,0.825593321487,0.742982585419,0.319941012237,0.580601724643,1,-10.0,1
sample_3,experiment_20,[ 0.5],1.03736903683,2.22070009383,-0.5,7.83284710556,4.15893274904,V2max,0.0919953098384,0.516243458999,0.464586970231,1.44676599304,1.08171209957,1,-50.0,1
sample_4,experiment_0,[ 0.1],0.472422051006,0.979282567026,0,0.933364762147,1.92518443081,ac,0.511643389118,0.805782977993,0.770303129552,0.189033077251,0.483837706897,1,0.0,1
sample_4,experiment_1,[ 0.2],0.381637523096,1.05479404132,1,1.13001210788,1.5552250707,ac,0.609046856752,0.841282814645,0.804239868381,0.228859792812,0.390859511081,1,100.0,1
sample_4,experiment_2,[ 0.5],0.3216909721,1.11138744221,4,1.2944629455,1.3109346816,ac,0.690500993584,0.864241833734,0.826187713656,0.262165794017,0.329464219008,1,400.0,1
sample_4,experiment_3,[ 1.],0.300681736902,1.13324085585,9,1.36166897636,1.22531917653,ac,0.723792583441,0.872315459076,0.833906290111,0.275776938704,0.307948254661,1,900.0,1
sample_4,experiment_4,[ 0.09],0.491179903877,0.964578009283,-0.1,0.898191180501,2.00162524517,ac,0.494221205319,0.79820347434,0.763057362909,0.1819094203,0.503048826367,1,-10.0,1
sample_4,experiment_5,[ 0.05],0.62439123523,0.862866089565,-0.5,0.68256752403,2.54447962841,ac,0.387418464345,0.739864292046,0.707286943445,0.138239458711,0.639479090189,1,-50.0,1
sample_4,experiment_6,[ 1.1],0.440645175349,1.0047535912,0.1,0.996711153086,1.79568931909,k1cat,0.543020132413,0.81839529942,0.782360111234,0.201862534391,0.451292969093,1,10.0,1
sample_4,experiment_7,[ 1.5],0.348882694844,1.08479718592,0.5,1.21543618173,1.42174466848,k1cat,0.651359181092,0.853831313471,0.816235846108,0.246160612605,0.35731298522,1,50.0,1
sample_4,experiment_8,[2],0.279110651906,1.15713563793,1,1.43741493177,1.13741405673,k1cat,0.761314036378,0.880665778716,0.841889290528,0.291117662524,0.28585491352,1,100.0,1
sample_4,experiment_9,[ 0.9],0.50944963039,0.950433254927,-0.1,0.865321492312,2.07607687791,k1cat,0.477940186576,0.790706416841,0.755890412243,0.17525236771,0.52176002446,1,-10.0,1
sample_4,experiment_10,[ 0.5],0.741613160513,0.768644094852,-0.5,0.523376897652,3.02217499641,k1cat,0.308568139982,0.677157875835,0.647341585967,0.105998800831,0.759533578374,1,-50.0,1
sample_4,experiment_11,[ 1.1],0.575097343612,1.19211794145,0.1,1.55230494898,2.34360028234,V3max,0.424090204862,0.892026996277,0.852749692651,0.314386179164,0.588994055883,1,10.0,1
sample_4,experiment_12,[ 1.5],0.950779669416,1.97086895787,0.5,4.78322172914,3.87455711009,V3max,0.175802049293,1.00117868712,0.957095268746,0.968739296045,0.973754408652,1,50.0,1
sample_4,experiment_13,[2],1.05421690092,2.18528375365,1,5.76604023927,4.29607796677,V3max,0.0923838451018,1.01131278032,0.966783142424,1.16778817263,1.07969110822,1,100.0,1
sample_4,experiment_14,[ 0.9],0.387988473905,0.804260402098,-0.1,0.579287627707,1.58110606333,V3max,0.601365087028,0.70177203536,0.670871950345,0.117322323833,0.39736386629,2,-10.0,1
sample_4,experiment_15,[ 0.5],0.106950357526,0.221697146522,-0.5,0.0742350750347,0.435837325416,V3max,1.35272662436,0.211699040828,0.202377610301,0.0150347273037,0.109534717019,2,-50.0,1
sample_4,experiment_16,[ 1.1],0.421490808163,0.873707312596,0.1,0.58094678015,1.71763265469,V2max,0.563230163995,0.772700127284,0.738676967096,0.117658349688,0.43167575526,2,10.0,1
sample_4,experiment_17,[ 1.5],0.302935885777,0.627955090656,0.5,0.182728817564,1.2345051413,V2max,0.720078325087,0.605518885341,0.57885696904,0.0370078152588,0.310256060161,2,50.0,1
sample_4,experiment_18,[2],0.18789922414,0.389495863214,1,0.0661532193444,0.765715021357,V2max,0.978074635192,0.385659423764,0.368678253571,0.0133979202236,0.192439640613,2,100.0,1
sample_4,experiment_19,[ 0.9],0.564975942507,1.17113731272,-0.1,1.78752114786,2.3023541894,V2max,0.431978631162,0.82024530977,0.784128662834,0.362024191329,0.57862808019,1,-10.0,1
sample_4,experiment_20,[ 0.5],1.05259989255,2.18193186079,-0.5,8.08313004477,4.28948843667,V2max,0.0940780217187,0.512899347563,0.490315610199,1.63706517339,1.0780350263,1,-50.0,1
