sample_name,experiment_id,parameter_value,v6,v1,parameter_change,pep,E,parameter_name,fdp,v2,v3,v4,v5,final_ss,parameter_change_percentage,initial_ss
sample_0,experiment_0,0.1,0.4724796139678929,0.9449592279357858,0,0.9372056923472198,1.8899184558715716,ac,0.5186028462083672,0.7575180894691474,0.7575180894773546,0.187441138469444,0.4724796139839566,1,0.0,1
sample_0,experiment_1,0.2,0.3816840280231661,1.0178240747284428,1,1.134662311994471,1.5267361120926644,ac,0.6173312165784715,0.7908915585975494,0.7908915694172975,0.2269324623988942,0.38168407794237735,1,100.0,1
sample_0,experiment_2,0.5,0.32173013765019803,1.0724337921673268,4,1.2997897535927236,1.2869205506007921,ac,0.6998933605086397,0.8124753585111569,0.8124751384583513,0.2599579507185447,0.3217300059424652,1,400.0,1
sample_0,experiment_3,1.0,0.30071840214069734,1.0935214623298084,9,1.3672729386523985,1.2028736085627894,ac,0.733637773920594,0.8200654535648614,0.8200656284954381,0.2734545877304797,0.30071914063455135,1,900.0,1
sample_0,experiment_4,0.09000000000000001,0.49123975231229045,0.9307700570127609,-0.1,0.9018873662440965,1.9649590092491618,ac,0.5009436830788799,0.7503925838429425,0.750392583832182,0.1803774732488193,0.4912397522443944,1,-10.0,1
sample_0,experiment_5,0.05,0.6244673149186734,0.832623086558231,-0.5,0.6853763873610164,2.4978692596746934,ac,0.39268819367280056,0.6955478090930873,0.6955478090903164,0.13707527747220327,0.6244673149250949,1,-50.0,1
sample_0,experiment_6,1.1,0.44069886628710353,0.969537505831628,0.1,1.0008127599625702,1.7627954651484141,k1cat,0.5504063802781594,0.7693749560016367,0.7693749560654402,0.20016255199251407,0.44069886487286325,1,10.0,1
sample_0,experiment_7,1.5,0.34892520742530586,1.0467756222759177,0.5,1.2204377902290406,1.3957008297012234,k1cat,0.6602190440925159,0.8026884086097283,0.8026884324352503,0.24408755804580815,0.3489250833524359,1,50.0,1
sample_0,experiment_8,2,0.27914470569023214,1.1165788227609286,1,1.443329956415292,1.1165788227609286,k1cat,0.7716693755205671,0.8279155366452415,0.8279160778889063,0.2886659912830584,0.2791445644178213,1,100.0,1
sample_0,experiment_9,0.9,0.5095117049002587,0.9171210688204656,-0.1,0.8688824143724304,2.0380468196010346,k1cat,0.4844412072440581,0.7433445859812434,0.7433445859964298,0.1737764828744861,0.5095117048639158,1,-10.0,1
sample_0,experiment_10,0.5,0.7417035232692473,0.7417035232692473,-0.5,0.525530668644637,2.966814093076989,k1cat,0.31276533432230735,0.6365973895403032,0.6365973895402979,0.10510613372892741,0.7417035232693036,1,-50.0,1
sample_0,experiment_11,1.1,0.5751674170296541,1.1503348340593083,0.1,1.5586929065568667,2.3006696681186165,V3max,0.42985874921855877,0.8385962528066379,0.838596252794634,0.31173858131137333,0.5751674170699747,1,10.0,1
sample_0,experiment_12,1.5,0.9508955183221481,1.9017910366442963,0.5,4.802905372478343,3.8035820732885925,V3max,0.1781933375412741,0.9412099621486224,0.9412099621486414,0.9605810744956687,0.9508955183221314,1,50.0,1
sample_0,experiment_13,2,1.054345353258543,2.108690706517086,1,5.789768321713165,4.217381413034172,V3max,0.09364046528375287,0.9507370421744379,0.9507370421751994,1.1579536643426331,1.0543453532584006,1,100.0,1
sample_0,experiment_14,0.9,0.38803574900589344,0.7760714980117869,-0.1,0.5816714778382539,1.5521429960235738,V3max,0.6095449514053813,0.6597372064983187,0.6597372101617739,0.11633429556765079,0.3880357488666948,2,-10.0,1
sample_0,experiment_15,0.5,0.10696338898435334,0.21392677796870668,-0.5,0.07454056289518324,0.42785355593741337,V3max,1.3711266335323768,0.19901866521208741,0.19901866509974708,0.014908112579036648,0.10696338887644048,2,-50.0,1
sample_0,experiment_16,1.1,0.4215421651208091,0.8430843302416182,0.1,0.5833374590103126,1.6861686604832364,V2max,0.5708913128078412,0.7264168391888073,0.7264168394249252,0.11666749180206254,0.42154216448649773,1,10.0,1
sample_0,experiment_17,1.5,0.3029727973623007,0.6059455947246014,0.5,0.18348077304922766,1.2118911894492028,V2max,0.7298729482431859,0.5692494405476983,0.5692494403757428,0.03669615460984554,0.30297279741581273,2,50.0,1
sample_0,experiment_18,2,0.18792211894897484,0.3758442378979497,1,0.06642544943232868,0.7516884757958994,V2max,0.9913785664375147,0.3625591483082624,0.36255914823250623,0.013285089886465738,0.18792211895372735,2,100.0,1
sample_0,experiment_19,0.9,0.5650447826885541,1.1300895653771081,-0.1,1.7948770537122958,2.2601791307542163,V2max,0.437854475204325,0.7711141546366467,0.7711141546364364,0.3589754107424592,0.5650447826898328,1,-10.0,1
sample_0,experiment_20,0.5,1.0527281478704602,2.1054562957409204,-0.5,8.116393284028137,4.210912591481841,V2max,0.0953576863840455,0.48217763893179083,0.48217763897298643,1.6232786568056274,1.0527281478537447,1,-50.0,1
